# This file was generated by Animated Java via MC-Build. It is not recommended to edit this file directly.
$data merge entity $(bone_sword) {transformation: [-0.2769f,-0.4146f,0.9735f,-0.2808f,0.8683f,0.4861f,0.4539f,0.8554f,-0.6047f,0.8878f,0.2061f,-1.592f,0f,0f,0f,1f],start_interpolation: 0,interpolation_duration: 1}
$data merge entity $(bone_right_arm) {transformation: [-0.2532f,-0.0095f,0.9674f,-0.3009f,0.7939f,0.5694f,0.2134f,1.1372f,-0.5529f,0.822f,-0.1366f,-1.0651f,0f,0f,0f,1f],start_interpolation: 0,interpolation_duration: 1}
$data merge entity $(bone_gun) {transformation: [-0.7881f,0.4579f,0.4113f,-0.5121f,-0.283f,0.3238f,-0.9028f,0.6201f,-0.5466f,-0.8279f,-0.1256f,-0.4638f,0f,0f,0f,1f],start_interpolation: 0,interpolation_duration: 1}
$data merge entity $(bone_left_arm) {transformation: [-0.3525f,0.7621f,0.5431f,0.0015f,0.2334f,0.6336f,-0.7376f,0.95f,-0.9062f,-0.1333f,-0.4012f,-0.6476f,0f,0f,0f,1f],start_interpolation: 0,interpolation_duration: 1}
$data merge entity $(bone_right_leg) {transformation: [-0.7228f,-0.1314f,0.6784f,-0.0598f,0.3703f,0.7552f,0.5409f,0.5359f,-0.5834f,0.6422f,-0.4972f,-1.0996f,0f,0f,0f,1f],start_interpolation: 0,interpolation_duration: 1}
$data merge entity $(bone_left_leg) {transformation: [-0.7923f,-0.3944f,0.4655f,0.0782f,-0.1653f,0.8732f,0.4585f,0.6274f,-0.5873f,0.2863f,-0.757f,-0.846f,0f,0f,0f,1f],start_interpolation: 0,interpolation_duration: 1}
$data merge entity $(bone_head) {transformation: [-0.9866f,-0.1439f,0.0773f,-0.0922f,-0.1405f,0.9889f,0.0476f,1.2527f,-0.0833f,0.0361f,-0.9959f,-0.8276f,0f,0f,0f,1f],start_interpolation: 0,interpolation_duration: 1}
$data merge entity $(bone_body) {transformation: [-0.766f,-0.246f,0.5939f,0f,0f,0.9239f,0.3827f,0.9063f,-0.6428f,0.2932f,-0.7077f,-0.9375f,0f,0f,0f,1f],start_interpolation: 0,interpolation_duration: 1}
data modify entity @s data merge value {"cameras":{},"locators":{"locator":{"posx":-1.365604101198616,"posy":0.3496076339163777,"posz":-1.8215778176641058,"roty":101.95076589056244,"rotx":24.52129496029286},"locator2":{"posx":-0.6587338058965085,"posy":0.6096302686888606,"posz":-0.24701597518320886,"roty":73.01820668770966,"rotx":-64.52793507052336},"locator3":{"posx":-0.27673218985117093,"posy":1.9456144740751975,"posz":-0.607703418558404,"roty":40,"rotx":22.5}}}