# This file was generated by Animated Java via MC-Build. It is not recommended to edit this file directly.
$data merge entity $(bone_sword) {transformation: [-0.2292f,-0.3679f,1.0042f,-0.4472f,1.0345f,0.1843f,0.3036f,0.8728f,-0.2714f,1.0134f,0.3093f,-2.0808f,0f,0f,0f,1f],start_interpolation: 0,interpolation_duration: 1}
$data merge entity $(bone_right_arm) {transformation: [-0.2095f,0.2676f,0.9405f,-0.3449f,0.9458f,0.2995f,0.1255f,0.9773f,-0.2481f,0.9158f,-0.3158f,-1.517f,0f,0f,0f,1f],start_interpolation: 0,interpolation_duration: 1}
$data merge entity $(bone_gun) {transformation: [-0.6661f,-0.4663f,0.5822f,-0.1724f,-0.708f,0.1498f,-0.6901f,0.2896f,0.2346f,-0.8719f,-0.4299f,-0.8586f,0f,0f,0f,1f],start_interpolation: 0,interpolation_duration: 1}
$data merge entity $(bone_left_arm) {transformation: [-0.8753f,0.416f,0.2466f,0.0598f,0.2498f,0.8256f,-0.5059f,0.7659f,-0.414f,-0.3812f,-0.8266f,-1.2132f,0f,0f,0f,1f],start_interpolation: 0,interpolation_duration: 1}
$data merge entity $(bone_right_leg) {transformation: [-0.9305f,0.0407f,0.364f,-0.0835f,0.3316f,0.5158f,0.79f,0.4128f,-0.1556f,0.8558f,-0.4934f,-1.7024f,0f,0f,0f,1f],start_interpolation: 0,interpolation_duration: 1}
$data merge entity $(bone_left_leg) {transformation: [-0.8782f,-0.4477f,0.1683f,0.0772f,-0.1746f,0.6277f,0.7586f,0.5159f,-0.4453f,0.6368f,-0.6295f,-1.3922f,0f,0f,0f,1f],start_interpolation: 0,interpolation_duration: 1}
$data merge entity $(bone_head) {transformation: [-0.9925f,-0.0872f,0.0858f,-0.1035f,-0.0777f,0.991f,0.1087f,1.0784f,-0.0945f,0.1013f,-0.9904f,-1.3054f,0f,0f,0f,1f],start_interpolation: 0,interpolation_duration: 1}
$data merge entity $(bone_body) {transformation: [-0.8829f,-0.2759f,0.3798f,0f,0f,0.809f,0.5878f,0.775f,-0.4695f,0.519f,-0.7143f,-1.5f,0f,0f,0f,1f],start_interpolation: 0,interpolation_duration: 1}
data modify entity @s data merge value {"cameras":{},"locators":{"locator":{"posx":-1.5661605527249816,"posy":0.5344716456763633,"posz":-2.425446188841874,"roty":107.12016591094526,"rotx":16.11616863486629},"locator2":{"posx":-0.10131596136355633,"posy":0.30607203857450394,"posz":-0.6070924570716861,"roty":53.553978832300686,"rotx":-43.639692256282345},"locator3":{"posx":-0.31044201859827714,"posy":1.6851441186718157,"posz":-0.9161434796666821,"roty":27.99999999999997,"rotx":36.000000000000014}}}