# This file was generated by Animated Java via MC-Build. It is not recommended to edit this file directly.
$data merge entity $(bone_sword) {transformation: [-0.2743f,-0.4085f,0.9768f,-0.3357f,0.9373f,0.3756f,0.4203f,0.8647f,-0.4924f,0.9425f,0.2559f,-1.7665f,0f,0f,0f,1f],start_interpolation: 0,interpolation_duration: 1}
$data merge entity $(bone_right_arm) {transformation: [-0.2508f,0.0727f,0.9653f,-0.3195f,0.857f,0.4805f,0.1865f,1.0853f,-0.4502f,0.874f,-0.1828f,-1.2169f,0f,0f,0f,1f],start_interpolation: 0,interpolation_duration: 1}
$data merge entity $(bone_gun) {transformation: [-0.878f,0.1425f,0.457f,-0.4203f,-0.4036f,0.2931f,-0.8667f,0.5138f,-0.2575f,-0.9454f,-0.1998f,-0.5654f,0f,0f,0f,1f],start_interpolation: 0,interpolation_duration: 1}
$data merge entity $(bone_left_arm) {transformation: [-0.5611f,0.6776f,0.4755f,0.0201f,0.2646f,0.6911f,-0.6726f,0.8888f,-0.7843f,-0.2516f,-0.567f,-0.8337f,0f,0f,0f,1f],start_interpolation: 0,interpolation_duration: 1}
$data merge entity $(bone_right_leg) {transformation: [-0.812f,-0.0904f,0.5766f,-0.0656f,0.3715f,0.682f,0.63f,0.4943f,-0.4502f,0.7257f,-0.5202f,-1.3005f,0f,0f,0f,1f],start_interpolation: 0,interpolation_duration: 1}
$data merge entity $(bone_left_leg) {transformation: [-0.8236f,-0.4327f,0.3667f,0.0776f,-0.1695f,0.8047f,0.5689f,0.5939f,-0.5412f,0.4064f,-0.7361f,-1.0297f,0f,0f,0f,1f],start_interpolation: 0,interpolation_duration: 1}
$data merge entity $(bone_head) {transformation: [-0.9869f,-0.1369f,0.085f,-0.1001f,-0.1312f,0.989f,0.0687f,1.1966f,-0.0935f,0.0566f,-0.994f,-0.9873f,0f,0f,0f,1f],start_interpolation: 0,interpolation_duration: 1}
$data merge entity $(bone_body) {transformation: [-0.809f,-0.2668f,0.5237f,0f,0f,0.891f,0.454f,0.8625f,-0.5878f,0.3673f,-0.7208f,-1.125f,0f,0f,0f,1f],start_interpolation: 0,interpolation_duration: 1}
data modify entity @s data merge value {"cameras":{},"locators":{"locator":{"posx":-1.4241254679114967,"posy":0.39636009690143964,"posz":-2.051568884756971,"roty":104.67757367831803,"rotx":22.59913075116464},"locator2":{"posx":-0.4916117427101625,"posy":0.5082896063643325,"posz":-0.3134790950489827,"roty":66.3865070229749,"rotx":-60.08096276929065},"locator3":{"posx":-0.30020503548126987,"posy":1.8648823397119139,"posz":-0.7118032167291732,"roty":36,"rotx":27.000000000000004}}}