# This file was generated by Animated Java via MC-Build. It is not recommended to edit this file directly.
$data merge entity $(bone_sword) {transformation: [-0.2672f,-0.4076f,0.9792f,-0.2289f,0.7859f,0.602f,0.465f,0.8442f,-0.7122f,0.8172f,0.1458f,-1.4052f,0f,0f,0f,1f],start_interpolation: 0,interpolation_duration: 1}
$data merge entity $(bone_right_arm) {transformation: [-0.2443f,-0.0778f,0.9666f,-0.2785f,0.7186f,0.6548f,0.2343f,1.1878f,-0.6511f,0.7518f,-0.1041f,-0.9115f,0f,0f,0f,1f],start_interpolation: 0,interpolation_duration: 1}
$data merge entity $(bone_gun) {transformation: [-0.5771f,0.7153f,0.394f,-0.5757f,-0.1985f,0.3451f,-0.9173f,0.717f,-0.7922f,-0.6076f,-0.0572f,-0.3821f,0f,0f,0f,1f],start_interpolation: 0,interpolation_duration: 1}
$data merge entity $(bone_left_arm) {transformation: [-0.1265f,0.8076f,0.5759f,-0.0158f,0.183f,0.5896f,-0.7867f,1.0109f,-0.9749f,0.0059f,-0.2224f,-0.4637f,0f,0f,0f,1f],start_interpolation: 0,interpolation_duration: 1}
$data merge entity $(bone_right_leg) {transformation: [-0.6172f,-0.1546f,0.7715f,-0.0559f,0.3554f,0.82f,0.4486f,0.5779f,-0.702f,0.551f,-0.4511f,-0.899f,0f,0f,0f,1f],start_interpolation: 0,interpolation_duration: 1}
$data merge entity $(bone_left_leg) {transformation: [-0.7583f,-0.3361f,0.5586f,0.0784f,-0.1602f,0.9267f,0.3401f,0.6576f,-0.6319f,0.1684f,-0.7565f,-0.6602f,0f,0f,0f,1f],start_interpolation: 0,interpolation_duration: 1}
$data merge entity $(bone_head) {transformation: [-0.9881f,-0.1389f,0.0656f,-0.0805f,-0.1373f,0.9901f,0.028f,1.3066f,-0.0689f,0.0186f,-0.9975f,-0.6666f,0f,0f,0f,1f],start_interpolation: 0,interpolation_duration: 1}
$data merge entity $(bone_body) {transformation: [-0.7193f,-0.2147f,0.6607f,0f,0f,0.9511f,0.309f,0.95f,-0.6947f,0.2223f,-0.6841f,-0.75f,0f,0f,0f,1f],start_interpolation: 0,interpolation_duration: 1}
data modify entity @s data merge value {"cameras":{},"locators":{"locator":{"posx":-1.3200094091341792,"posy":0.3259926797932985,"posz":-1.5677123003548206,"roty":98.47048236019565,"rotx":25.162068585617774},"locator2":{"posx":-0.785309178707198,"posy":0.7023998001970302,"posz":-0.22573027104351195,"roty":81.74387526338613,"rotx":-66.53752899697237},"locator3":{"posx":-0.2414938969762178,"posy":2.0199385808320476,"posz":-0.49992574908570947,"roty":44,"rotx":18.000000000000004}}}