# This file was generated by Animated Java via MC-Build. It is not recommended to edit this file directly.
$data merge entity $(bone_sword) {transformation: [-0.2202f,-0.3418f,1.0154f,-0.1417f,0.5855f,0.8297f,0.4063f,0.8218f,-0.8972f,0.6253f,0.0159f,-0.9952f,0f,0f,0f,1f],start_interpolation: 0,interpolation_duration: 1}
$data merge entity $(bone_right_arm) {transformation: [-0.2014f,-0.1634f,0.9658f,-0.2232f,0.5353f,0.8074f,0.2482f,1.2844f,-0.8203f,0.567f,-0.0751f,-0.5972f,0f,0f,0f,1f],start_interpolation: 0,interpolation_duration: 1}
$data merge entity $(bone_gun) {transformation: [0.0668f,0.9067f,0.4164f,-0.6114f,-0.1227f,0.4217f,-0.8984f,0.8731f,-0.9902f,0.0089f,0.1394f,-0.2423f,0f,0f,0f,1f],start_interpolation: 0,interpolation_duration: 1}
$data merge entity $(bone_left_arm) {transformation: [0.3231f,0.7782f,0.5386f,-0.0459f,0.051f,0.5539f,-0.831f,1.1316f,-0.945f,0.2959f,0.1393f,-0.1012f,0f,0f,0f,1f],start_interpolation: 0,interpolation_duration: 1}
$data merge entity $(bone_right_leg) {transformation: [-0.3699f,-0.1463f,0.9175f,-0.054f,0.2867f,0.9214f,0.2625f,0.6632f,-0.8837f,0.3601f,-0.2988f,-0.4993f,0f,0f,0f,1f],start_interpolation: 0,interpolation_duration: 1}
$data merge entity $(bone_left_leg) {transformation: [-0.682f,-0.165f,0.7125f,0.0743f,-0.1469f,0.9853f,0.0875f,0.7087f,-0.7164f,-0.045f,-0.6962f,-0.2823f,0f,0f,0f,1f],start_interpolation: 0,interpolation_duration: 1}
$data merge entity $(bone_head) {transformation: [-0.9951f,-0.0926f,0.0342f,-0.0462f,-0.0927f,0.9957f,0.0003f,1.4079f,-0.0341f,-0.0029f,-0.9994f,-0.3389f,0f,0f,0f,1f],start_interpolation: 0,interpolation_duration: 1}
$data merge entity $(bone_body) {transformation: [-0.6157f,-0.1233f,0.7783f,0f,0f,0.9877f,0.1564f,1.0375f,-0.788f,0.0963f,-0.6081f,-0.375f,0f,0f,0f,1f],start_interpolation: 0,interpolation_duration: 1}
data modify entity @s data merge value {"cameras":{},"locators":{"locator":{"posx":-1.2731587473481636,"posy":0.36910053068692916,"posz":-1.0129285652062434,"roty":90.89542651583022,"rotx":21.805537295269446},"locator2":{"posx":-0.8705817398057748,"posy":0.8379019931709255,"posz":-0.25544997451721,"roty":108.50538397315157,"rotx":-63.95171467080708},"locator3":{"posx":-0.13868104577221885,"posy":2.1486493831695297,"posz":-0.26665049226924564,"roty":52,"rotx":9.000000000000007}}}