# This file was generated by Animated Java via MC-Build. It is not recommended to edit this file directly.
$data merge entity $(bone_sword) {transformation: [-0.1359f,-0.2996f,1.0431f,-0.5509f,1.0821f,0.0422f,0.1532f,0.8618f,-0.0822f,1.0511f,0.2912f,-2.3546f,0f,0f,0f,1f],start_interpolation: 0,interpolation_duration: 1}
$data merge entity $(bone_right_arm) {transformation: [-0.1243f,0.4807f,0.868f,-0.3541f,0.9894f,0.1263f,0.0717f,0.8643f,-0.0752f,0.8678f,-0.4913f,-1.8158f,0f,0f,0f,1f],start_interpolation: 0,interpolation_duration: 1}
$data merge entity $(bone_gun) {transformation: [-0.0992f,-0.8052f,0.5847f,0.1083f,-0.9417f,-0.1138f,-0.3165f,0.082f,0.3214f,-0.582f,-0.747f,-1.301f,0f,0f,0f,1f],start_interpolation: 0,interpolation_duration: 1}
$data merge entity $(bone_left_arm) {transformation: [-0.9926f,0.0992f,-0.0697f,0.1006f,0.1163f,0.9417f,-0.3156f,0.6433f,0.0343f,-0.3214f,-0.9463f,-1.6032f,0f,0f,0f,1f],start_interpolation: 0,interpolation_duration: 1}
$data merge entity $(bone_right_leg) {transformation: [-0.9603f,0.2225f,0.1685f,-0.1099f,0.2373f,0.3326f,0.9127f,0.3339f,0.147f,0.9164f,-0.3722f,-2.1031f,0f,0f,0f,1f],start_interpolation: 0,interpolation_duration: 1}
$data merge entity $(bone_left_leg) {transformation: [-0.9222f,-0.3867f,-0.0046f,0.0814f,-0.1755f,0.4077f,0.8961f,0.4223f,-0.3446f,0.8272f,-0.4439f,-1.7513f,0f,0f,0f,1f],start_interpolation: 0,interpolation_duration: 1}
$data merge entity $(bone_head) {transformation: [-0.9981f,0.0064f,0.0616f,-0.0907f,0.015f,0.9902f,0.1387f,0.9527f,-0.0601f,0.1394f,-0.9884f,-1.6258f,0f,0f,0f,1f],start_interpolation: 0,interpolation_duration: 1}
$data merge entity $(bone_body) {transformation: [-0.9397f,-0.2418f,0.2418f,0f,0f,0.7071f,0.7071f,0.6875f,-0.342f,0.6645f,-0.6645f,-1.875f,0f,0f,0f,1f],start_interpolation: 0,interpolation_duration: 1}
data modify entity @s data merge value {"cameras":{},"locators":{"locator":{"posx":-1.713191855262909,"posy":0.6910942788466284,"posz":-2.6790709211403643,"roty":105.5961679214329,"rotx":8.050298035042543},"locator2":{"posx":0.26388967999190605,"posy":0.13514637945746658,"posz":-1.0971445268365758,"roty":38.04986549482061,"rotx":-18.45239611045127},"locator3":{"posx":-0.272075357978972,"posy":1.482995128834866,"posz":-1.1274790975627411,"roty":20,"rotx":45.00000000000001}}}