# This file was generated by Animated Java via MC-Build. It is not recommended to edit this file directly.
$data merge entity $(bone_sword) {transformation: [-0.2828f,-0.2513f,1.0262f,-0.1424f,0.5891f,0.8444f,0.3691f,0.8595f,-0.8771f,0.6482f,-0.083f,-0.635f,0f,0f,0f,1f],start_interpolation: 0,interpolation_duration: 1}
$data merge entity $(bone_right_arm) {transformation: [-0.2586f,-0.2047f,0.9441f,-0.2247f,0.5386f,0.7807f,0.3168f,1.3236f,-0.8019f,0.5904f,-0.0916f,-0.2187f,0f,0f,0f,1f],start_interpolation: 0,interpolation_duration: 1}
$data merge entity $(bone_gun) {transformation: [0.5651f,0.7013f,0.4345f,-0.5488f,0.0207f,0.5144f,-0.8573f,0.9507f,-0.8248f,0.4935f,0.2761f,-0.0147f,0f,0f,0f,1f],start_interpolation: 0,interpolation_duration: 1}
$data merge entity $(bone_left_arm) {transformation: [0.5651f,0.7013f,0.4345f,-0.0276f,0.0207f,0.5144f,-0.8573f,1.1797f,-0.8248f,0.4935f,0.2761f,0.2724f,0f,0f,0f,1f],start_interpolation: 0,interpolation_duration: 1}
$data merge entity $(bone_right_leg) {transformation: [-0.3013f,0.0381f,0.9528f,-0.0782f,0.2141f,0.9764f,0.0287f,0.7367f,-0.9292f,0.2126f,-0.3024f,-0.1059f,0f,0f,0f,1f],start_interpolation: 0,interpolation_duration: 1}
$data merge entity $(bone_left_leg) {transformation: [-0.7243f,-0.0984f,0.6825f,0.068f,-0.1417f,0.9899f,-0.0076f,0.7217f,-0.6748f,-0.1022f,-0.7309f,0.0982f,0f,0f,0f,1f],start_interpolation: 0,interpolation_duration: 1}
$data merge entity $(bone_head) {transformation: [-0.9969f,-0.0789f,0.0007f,-0.0296f,-0.0789f,0.9966f,0.0251f,1.4479f,-0.0027f,0.025f,-0.9997f,0.0257f,0f,0f,0f,1f],start_interpolation: 0,interpolation_duration: 1}
$data merge entity $(bone_body) {transformation: [-0.6561f,-0.0789f,0.7506f,0f,0f,0.9945f,0.1045f,1.075f,-0.7547f,0.0686f,-0.6525f,0f,0f,0f,0f,1f],start_interpolation: 0,interpolation_duration: 1}
data modify entity @s data merge value {"cameras":{},"locators":{"locator":{"posx":-1.285968832740845,"posy":0.44818092444706803,"posz":-0.5424985891124953,"roty":85.37720673566145,"rotx":19.721768190036865},"locator2":{"posx":-0.7580404611190725,"posy":0.8890677472385169,"posz":-0.15960429234243212,"roty":122.43847483217253,"rotx":-59.014994683755816},"locator3":{"posx":-0.08874971171331997,"posy":2.1938371322893073,"posz":0.07714894737740245,"roty":49,"rotx":6}}}