# This file was generated by Animated Java via MC-Build. It is not recommended to edit this file directly.
$data merge entity $(bone_sword) {transformation: [0.4076f,-0.5959f,0.8216f,0.2124f,0.3515f,0.9135f,0.4882f,0.8116f,-0.9522f,0.0822f,0.5319f,2.6192f,0f,0f,0f,1f],start_interpolation: 0,interpolation_duration: 1}
$data merge entity $(bone_right_arm) {transformation: [0.3726f,-0.3286f,0.8679f,0.0109f,0.3214f,0.923f,0.2115f,1.375f,-0.8705f,0.2001f,0.4496f,2.8127f,0f,0f,0f,1f],start_interpolation: 0,interpolation_duration: 1}
$data merge entity $(bone_gun) {transformation: [0.9667f,0.2417f,0.0845f,-0.4146f,-0.0776f,0.5911f,-0.8029f,0.9732f,-0.244f,0.7696f,0.5901f,2.7756f,0f,0f,0f,1f],start_interpolation: 0,interpolation_duration: 1}
$data merge entity $(bone_left_arm) {transformation: [0.9667f,0.2417f,0.0845f,-0.1939f,-0.0776f,0.5911f,-0.8029f,1.25f,-0.244f,0.7696f,0.5901f,3.3058f,0f,0f,0f,1f],start_interpolation: 0,interpolation_duration: 1}
$data merge entity $(bone_right_leg) {transformation: [0.4336f,-0.1553f,0.8876f,0.0041f,0.173f,0.9811f,0.0872f,0.75f,-0.8843f,0.1158f,0.4523f,3.0063f,0f,0f,0f,1f],start_interpolation: 0,interpolation_duration: 1}
$data merge entity $(bone_left_leg) {transformation: [-0.0837f,0.1615f,0.9833f,-0.0041f,-0.13f,0.9766f,-0.1714f,0.75f,-0.988f,-0.1422f,-0.0607f,3.2437f,0f,0f,0f,1f],start_interpolation: 0,interpolation_duration: 1}
$data merge entity $(bone_head) {transformation: [-0.848f,0f,0.5299f,0f,0f,1f,0f,1.5f,-0.5299f,0f,-0.848f,3.125f,0f,0f,0f,1f],start_interpolation: 0,interpolation_duration: 1}
$data merge entity $(bone_body) {transformation: [0.0349f,0f,0.9994f,0f,0f,1f,0f,1.125f,-0.9994f,0f,0.0349f,3.125f,0f,0f,0f,1f],start_interpolation: 0,interpolation_duration: 1}
data modify entity @s data merge value {"cameras":{},"locators":{"locator":{"posx":-0.7030717541046494,"posy":0.26761360980400795,"posz":2.02645472041817,"roty":122.91901072247646,"rotx":26.508778244165605},"locator2":{"posx":-0.481640999605941,"posy":0.8881919196684661,"posz":2.5370739740793002,"roty":171.85163300277452,"rotx":-53.4052724608337},"locator3":{"posx":-3.827021247335479e-16,"posy":2.25,"posz":3.125,"roty":91.99999999999996,"rotx":0}}}