# This file was generated by Animated Java via MC-Build. It is not recommended to edit this file directly.
$data merge entity $(bone_sword) {transformation: [0.5607f,0.7951f,0.4997f,-0.3959f,-0.2534f,0.6886f,-0.8111f,1.1451f,-0.9043f,0.3f,0.5372f,2.5113f,0f,0f,0f,1f],start_interpolation: 0,interpolation_duration: 1}
$data merge entity $(bone_right_arm) {transformation: [0.5126f,0.8277f,0.2282f,0.0966f,-0.2317f,0.3893f,-0.8915f,1.375f,-0.8267f,0.4042f,0.3913f,2.8278f,0f,0f,0f,1f],start_interpolation: 0,interpolation_duration: 1}
$data merge entity $(bone_gun) {transformation: [0.8969f,0.3617f,-0.2546f,-0.4746f,-0.3486f,0.2237f,-0.9102f,1.2315f,-0.2723f,0.9051f,0.3267f,2.6793f,0f,0f,0f,1f],start_interpolation: 0,interpolation_duration: 1}
$data merge entity $(bone_left_arm) {transformation: [0.8969f,0.3617f,-0.2546f,-0.2203f,-0.3486f,0.2237f,-0.9102f,1.25f,-0.2723f,0.9051f,0.3267f,3.2637f,0f,0f,0f,1f],start_interpolation: 0,interpolation_duration: 1}
$data merge entity $(bone_right_leg) {transformation: [0.7495f,-0.14f,0.6471f,0.0367f,0.1872f,0.9823f,-0.0043f,0.75f,-0.635f,0.1244f,0.7624f,3.0121f,0f,0f,0f,1f],start_interpolation: 0,interpolation_duration: 1}
$data merge entity $(bone_left_leg) {transformation: [0.0082f,0.2292f,0.9734f,-0.0367f,-0.0905f,0.9696f,-0.2275f,0.75f,-0.9959f,-0.0863f,0.0287f,3.2379f,0f,0f,0f,1f],start_interpolation: 0,interpolation_duration: 1}
$data merge entity $(bone_head) {transformation: [-0.1074f,0.0867f,0.9904f,0f,0f,0.9962f,-0.0872f,1.5f,-0.9942f,-0.0094f,-0.107f,3.125f,0f,0f,0f,1f],start_interpolation: 0,interpolation_duration: 1}
$data merge entity $(bone_body) {transformation: [0.309f,0f,0.9511f,0f,0f,1f,0f,1.125f,-0.9511f,0f,0.309f,3.125f,0f,0f,0f,1f],start_interpolation: 0,interpolation_duration: 1}
data modify entity @s data merge value {"cameras":{},"locators":{"locator":{"posx":-0.9527122720616441,"posy":2.0489287424257947,"posz":1.9126953096205557,"roty":137.0688310097157,"rotx":-47.86918885579355},"locator2":{"posx":-0.545138077033513,"posy":1.2467070869373196,"posz":2.4275474768048437,"roty":217.9249488244049,"rotx":-65.53188826834521},"locator3":{"posx":-3.827021247335479e-16,"posy":2.25,"posz":3.125,"roty":108,"rotx":0}}}