# This file was generated by Animated Java via MC-Build. It is not recommended to edit this file directly.
$data merge entity $(bone_sword) {transformation: [0.5178f,0.1836f,-0.9458f,0.3014f,-0.8014f,-0.5138f,-0.5385f,1.7145f,-0.5347f,0.9479f,-0.1087f,2.3519f,0f,0f,0f,1f],start_interpolation: 0,interpolation_duration: 1}
$data merge entity $(bone_right_arm) {transformation: [0.4734f,-0.1116f,-0.8738f,0.1747f,-0.7327f,-0.6004f,-0.3203f,1.375f,-0.4889f,0.7919f,-0.366f,2.8659f,0f,0f,0f,1f],start_interpolation: 0,interpolation_duration: 1}
$data merge entity $(bone_gun) {transformation: [0.6961f,0.0777f,-0.7137f,-0.2537f,-0.6855f,-0.2235f,-0.6929f,1.5083f,-0.2133f,0.9716f,-0.1024f,2.6369f,0f,0f,0f,1f],start_interpolation: 0,interpolation_duration: 1}
$data merge entity $(bone_left_arm) {transformation: [0.6961f,0.0777f,-0.7137f,-0.2397f,-0.6855f,-0.2235f,-0.6929f,1.25f,-0.2133f,0.9716f,-0.1024f,3.2196f,0f,0f,0f,1f],start_interpolation: 0,interpolation_duration: 1}
$data merge entity $(bone_right_leg) {transformation: [0.9399f,-0.1559f,0.3039f,0.0664f,0.1942f,0.9758f,-0.1002f,0.75f,-0.2809f,0.1532f,0.9474f,3.0266f,0f,0f,0f,1f],start_interpolation: 0,interpolation_duration: 1}
$data merge entity $(bone_left_leg) {transformation: [0.1015f,0.2736f,0.9565f,-0.0664f,-0.0518f,0.9616f,-0.2696f,0.75f,-0.9935f,-0.0222f,0.1118f,3.2234f,0f,0f,0f,1f],start_interpolation: 0,interpolation_duration: 1}
$data merge entity $(bone_head) {transformation: [0.7153f,0.1214f,0.6882f,0f,0f,0.9848f,-0.1736f,1.5f,-0.6988f,0.1242f,0.7044f,3.125f,0f,0f,0f,1f],start_interpolation: 0,interpolation_duration: 1}
$data merge entity $(bone_body) {transformation: [0.5592f,0f,0.829f,0f,0f,1f,0f,1.125f,-0.829f,0f,0.5592f,3.125f,0f,0f,0f,1f],start_interpolation: 0,interpolation_duration: 1}
data modify entity @s data merge value {"cameras":{},"locators":{"locator":{"posx":1.3552453294406601,"posy":2.3144745641243265,"posz":2.4730285108047685,"roty":276.55748924833074,"rotx":-29.492963665110167},"locator2":{"posx":-0.21736819004005803,"posy":1.6183480769646517,"posz":2.401998652233119,"roty":278.1621039390372,"rotx":-43.86185326517835},"locator3":{"posx":-3.827021247335479e-16,"posy":2.25,"posz":3.125,"roty":123.99999999999994,"rotx":0}}}