# This file was generated by Animated Java via MC-Build. It is not recommended to edit this file directly.
$data merge entity $(bone_sword) {transformation: [0.1293f,-1.0729f,0.1685f,0.7762f,-1.0813f,-0.1112f,0.1215f,1.3452f,-0.1021f,-0.181f,-1.0738f,3.2504f,0f,0f,0f,1f],start_interpolation: 0,interpolation_duration: 1}
$data merge entity $(bone_right_arm) {transformation: [0.1182f,-0.8709f,0.477f,0.2394f,-0.9886f,-0.0581f,0.139f,1.375f,-0.0933f,-0.488f,-0.8679f,2.9241f,0f,0f,0f,1f],start_interpolation: 0,interpolation_duration: 1}
$data merge entity $(bone_gun) {transformation: [0.3355f,-0.604f,-0.723f,0.1829f,-0.9237f,-0.3615f,-0.1266f,1.5475f,-0.1849f,0.7103f,-0.6792f,2.8158f,0f,0f,0f,1f],start_interpolation: 0,interpolation_duration: 1}
$data merge entity $(bone_left_arm) {transformation: [0.3355f,-0.604f,-0.723f,-0.2527f,-0.9237f,-0.3615f,-0.1266f,1.25f,-0.1849f,0.7103f,-0.6792f,3.1739f,0f,0f,0f,1f],start_interpolation: 0,interpolation_duration: 1}
$data merge entity $(bone_right_leg) {transformation: [0.9739f,-0.2124f,-0.0803f,0.091f,0.1932f,0.9609f,-0.1984f,0.75f,0.1192f,0.1777f,0.9768f,3.0487f,0f,0f,0f,1f],start_interpolation: 0,interpolation_duration: 1}
$data merge entity $(bone_left_leg) {transformation: [0.1942f,0.2964f,0.9351f,-0.091f,-0.0175f,0.9542f,-0.2988f,0.75f,-0.9808f,0.0416f,0.1905f,3.2013f,0f,0f,0f,1f],start_interpolation: 0,interpolation_duration: 1}
$data merge entity $(bone_head) {transformation: [0.9914f,-0.0338f,-0.1261f,0f,0f,0.9659f,-0.2588f,1.5f,0.1305f,0.2566f,0.9577f,3.125f,0f,0f,0f,1f],start_interpolation: 0,interpolation_duration: 1}
$data merge entity $(bone_body) {transformation: [0.766f,0f,0.6428f,0f,0f,1f,0f,1.125f,-0.6428f,0f,0.766f,3.125f,0f,0f,0f,1f],start_interpolation: 0,interpolation_duration: 1}
data modify entity @s data merge value {"cameras":{},"locators":{"locator":{"posx":0.5884331110452017,"posy":1.209763872081693,"posz":4.4469591171509295,"roty":8.91827210762142,"rotx":6.378886005940042},"locator2":{"posx":0.39037221322839866,"posy":1.6477761782288058,"posz":2.6912653250432443,"roty":313.21223109071593,"rotx":-7.2737909682570105},"locator3":{"posx":-3.827021247335479e-16,"posy":2.25,"posz":3.125,"roty":140,"rotx":0}}}