# This file was generated by Animated Java via MC-Build. It is not recommended to edit this file directly.
$data merge entity $(bone_sword) {transformation: [0.1181f,-1.0483f,-0.2888f,0.8009f,-1.0565f,-0.1793f,0.219f,1.3569f,-0.2573f,0.2553f,-1.0319f,2.9627f,0f,0f,0f,1f],start_interpolation: 0,interpolation_duration: 1}
$data merge entity $(bone_right_arm) {transformation: [0.108f,-0.9889f,0.1022f,0.1792f,-0.9659f,-0.08f,0.2461f,1.375f,-0.2352f,-0.1253f,-0.9638f,2.869f,0f,0f,0f,1f],start_interpolation: 0,interpolation_duration: 1}
$data merge entity $(bone_gun) {transformation: [0.2531f,0.1036f,-0.9619f,-0.1969f,-0.9517f,-0.1517f,-0.2668f,1.4335f,-0.1736f,0.983f,0.0602f,2.6497f,0f,0f,0f,1f],start_interpolation: 0,interpolation_duration: 1}
$data merge entity $(bone_left_arm) {transformation: [0.2531f,0.1036f,-0.9619f,-0.2216f,-0.9517f,-0.1517f,-0.2668f,1.25f,-0.1736f,0.983f,0.0602f,3.2598f,0f,0f,0f,1f],start_interpolation: 0,interpolation_duration: 1}
$data merge entity $(bone_right_leg) {transformation: [0.9716f,-0.1591f,0.1753f,0.0681f,0.1932f,0.9609f,-0.1984f,0.75f,-0.1369f,0.2266f,0.9643f,3.0277f,0f,0f,0f,1f],start_interpolation: 0,interpolation_duration: 1}
$data merge entity $(bone_left_leg) {transformation: [-0.0663f,0.297f,0.9526f,-0.0681f,-0.0175f,0.9542f,-0.2988f,0.75f,-0.9976f,-0.0365f,-0.058f,3.2223f,0f,0f,0f,1f],start_interpolation: 0,interpolation_duration: 1}
$data merge entity $(bone_head) {transformation: [0.9743f,0.0393f,0.222f,0f,0.0204f,0.9653f,-0.2604f,1.5f,-0.2245f,0.2583f,0.9396f,3.125f,0f,0f,0f,1f],start_interpolation: 0,interpolation_duration: 1}
$data merge entity $(bone_body) {transformation: [0.5736f,0f,0.8192f,0f,0f,1f,0f,1.125f,-0.8192f,0f,0.5736f,3.125f,0f,0f,0f,1f],start_interpolation: 0,interpolation_duration: 1}
data modify entity @s data merge value {"cameras":{},"locators":{"locator":{"posx":1.1226805391862147,"posy":1.1128792482743093,"posz":4.11261533605679,"roty":344.3640132768391,"rotx":11.551906060095417},"locator2":{"posx":-0.14765102850828787,"posy":1.492261258505414,"posz":2.399257330306721,"roty":266.4200899568091,"rotx":-15.472680351823152},"locator3":{"posx":-3.827021247335479e-16,"posy":2.25,"posz":3.125,"roty":125,"rotx":0}}}