# This file was generated by Animated Java via MC-Build. It is not recommended to edit this file directly.
$data merge entity $(bone_sword) {transformation: [0.0326f,-0.8471f,-0.6911f,0.7169f,-1.0171f,-0.277f,0.2916f,1.3874f,-0.4009f,0.634f,-0.796f,2.679f,0f,0f,0f,1f],start_interpolation: 0,interpolation_duration: 1}
$data merge entity $(bone_right_arm) {transformation: [0.0298f,-0.959f,-0.2819f,0.1069f,-0.9299f,-0.13f,0.344f,1.375f,-0.3666f,0.2519f,-0.8956f,2.8313f,0f,0f,0f,1f],start_interpolation: 0,interpolation_duration: 1}
$data merge entity $(bone_gun) {transformation: [0.2002f,0.7768f,-0.597f,-0.5965f,-0.9702f,0.0723f,-0.2313f,1.2908f,-0.1365f,0.6255f,0.7682f,2.865f,0f,0f,0f,1f],start_interpolation: 0,interpolation_duration: 1}
$data merge entity $(bone_left_arm) {transformation: [0.2002f,0.7768f,-0.597f,-0.1638f,-0.9702f,0.0723f,-0.2313f,1.25f,-0.1365f,0.6255f,0.7682f,3.3314f,0f,0f,0f,1f],start_interpolation: 0,interpolation_duration: 1}
$data merge entity $(bone_right_leg) {transformation: [0.903f,-0.0951f,0.4189f,0.0406f,0.1932f,0.9609f,-0.1984f,0.75f,-0.3837f,0.26f,0.8861f,3.0134f,0f,0f,0f,1f],start_interpolation: 0,interpolation_duration: 1}
$data merge entity $(bone_left_leg) {transformation: [-0.3222f,0.2775f,0.9051f,-0.0406f,-0.0175f,0.9542f,-0.2988f,0.75f,-0.9465f,-0.1121f,-0.3026f,3.2366f,0f,0f,0f,1f],start_interpolation: 0,interpolation_duration: 1}
$data merge entity $(bone_head) {transformation: [0.8338f,0.1066f,0.5417f,0f,0.0442f,0.9651f,-0.258f,1.5f,-0.5504f,0.239f,0.8f,3.125f,0f,0f,0f,1f],start_interpolation: 0,interpolation_duration: 1}
$data merge entity $(bone_body) {transformation: [0.342f,0f,0.9397f,0f,0f,1f,0f,1.125f,-0.9397f,0f,0.342f,3.125f,0f,0f,0f,1f],start_interpolation: 0,interpolation_duration: 1}
data modify entity @s data merge value {"cameras":{},"locators":{"locator":{"posx":1.4869949921892884,"posy":1.0624474856374204,"posz":3.565960393123895,"roty":319.035270505806,"rotx":15.463528311763165},"locator2":{"posx":-0.7441107428399238,"posy":1.2907589420438044,"posz":2.648574163448559,"roty":217.8555654929886,"rotx":-13.371765718207309},"locator3":{"posx":-3.827021247335479e-16,"posy":2.25,"posz":3.125,"roty":109.99999999999999,"rotx":0}}}