# This file was generated by Animated Java via MC-Build. It is not recommended to edit this file directly.
$data merge entity $(bone_sword) {transformation: [-0.1185f,-0.5119f,-0.9593f,0.5319f,-0.964f,-0.397f,0.3309f,1.4353f,-0.503f,0.8813f,-0.4082f,2.4433f,0f,0f,0f,1f],start_interpolation: 0,interpolation_duration: 1}
$data merge entity $(bone_right_arm) {transformation: [-0.1083f,-0.788f,-0.6061f,0.0272f,-0.8813f,-0.2059f,0.4253f,1.375f,-0.4599f,0.5802f,-0.6722f,2.8137f,0f,0f,0f,1f],start_interpolation: 0,interpolation_duration: 1}
$data merge entity $(bone_gun) {transformation: [0.1834f,0.9706f,0.1561f,-0.7203f,-0.979f,0.1948f,-0.0608f,1.1961f,-0.0894f,-0.1417f,0.9859f,3.3674f,0f,0f,0f,1f],start_interpolation: 0,interpolation_duration: 1}
$data merge entity $(bone_left_arm) {transformation: [0.1834f,0.9706f,0.1561f,-0.0851f,-0.979f,0.1948f,-0.0608f,1.25f,-0.0894f,-0.1417f,0.9859f,3.3811f,0f,0f,0f,1f],start_interpolation: 0,interpolation_duration: 1}
$data merge entity $(bone_right_leg) {transformation: [0.773f,-0.0245f,0.634f,0.0103f,0.1932f,0.9609f,-0.1984f,0.75f,-0.6043f,0.2758f,0.7475f,3.0067f,0f,0f,0f,1f],start_interpolation: 0,interpolation_duration: 1}
$data merge entity $(bone_left_leg) {transformation: [-0.5562f,0.239f,0.7959f,-0.0103f,-0.0175f,0.9542f,-0.2988f,0.75f,-0.8309f,-0.1801f,-0.5265f,3.2433f,0f,0f,0f,1f],start_interpolation: 0,interpolation_duration: 1}
$data merge entity $(bone_head) {transformation: [0.5881f,0.1629f,0.7922f,0f,0.0706f,0.9654f,-0.251f,1.5f,-0.8057f,0.2036f,0.5563f,3.125f,0f,0f,0f,1f],start_interpolation: 0,interpolation_duration: 1}
$data merge entity $(bone_body) {transformation: [0.0872f,0f,0.9962f,0f,0f,1f,0f,1.125f,-0.9962f,0f,0.0872f,3.125f,0f,0f,0f,1f],start_interpolation: 0,interpolation_duration: 1}
data modify entity @s data merge value {"cameras":{},"locators":{"locator":{"posx":1.6008016052303082,"posy":1.0666295381476254,"posz":2.8981351836496123,"roty":293.04991718963845,"rotx":17.609886933509912},"locator2":{"posx":-0.9751182031770452,"posy":1.152157743661777,"posz":3.325789313516418,"roty":170.99998333439427,"rotx":-3.4858557993774895},"locator3":{"posx":-3.827021247335479e-16,"posy":2.25,"posz":3.125,"roty":94.99999999999996,"rotx":0}}}