# This file was generated by Animated Java via MC-Build. It is not recommended to edit this file directly.
$data merge entity $(bone_sword) {transformation: [-0.3151f,-0.1154f,-1.041f,0.2719f,-0.8982f,-0.5294f,0.3306f,1.4984f,-0.5388f,0.9501f,0.0578f,2.2939f,0f,0f,0f,1f],start_interpolation: 0,interpolation_duration: 1}
$data merge entity $(bone_right_arm) {transformation: [-0.2881f,-0.5102f,-0.8103f,-0.0543f,-0.8212f,-0.3036f,0.4832f,1.375f,-0.4926f,0.8046f,-0.3315f,2.8172f,0f,0f,0f,1f],start_interpolation: 0,interpolation_duration: 1}
$data merge entity $(bone_gun) {transformation: [0.2027f,0.5455f,0.8132f,-0.4359f,-0.978f,0.1547f,0.14f,1.1991f,-0.0494f,-0.8237f,0.5649f,3.8592f,0f,0f,0f,1f],start_interpolation: 0,interpolation_duration: 1}
$data merge entity $(bone_left_arm) {transformation: [0.2027f,0.5455f,0.8132f,0.0067f,-0.978f,0.1547f,0.14f,1.25f,-0.0494f,-0.8237f,0.5649f,3.4031f,0f,0f,0f,1f],start_interpolation: 0,interpolation_duration: 1}
$data merge entity $(bone_right_leg) {transformation: [0.5902f,0.0477f,0.8058f,-0.0206f,0.1932f,0.9609f,-0.1984f,0.75f,-0.7838f,0.2727f,0.5579f,3.0081f,0f,0f,0f,1f],start_interpolation: 0,interpolation_duration: 1}
$data merge entity $(bone_left_leg) {transformation: [-0.7523f,0.1842f,0.6325f,0.0206f,-0.0175f,0.9542f,-0.2988f,0.75f,-0.6586f,-0.2359f,-0.7146f,3.2419f,0f,0f,0f,1f],start_interpolation: 0,interpolation_duration: 1}
$data merge entity $(bone_head) {transformation: [0.2692f,0.2053f,0.941f,0f,0.099f,0.9659f,-0.2391f,1.5f,-0.958f,0.1576f,0.2397f,3.125f,0f,0f,0f,1f],start_interpolation: 0,interpolation_duration: 1}
$data merge entity $(bone_body) {transformation: [-0.1736f,0f,0.9848f,0f,0f,1f,0f,1.125f,-0.9848f,0f,-0.1736f,3.125f,0f,0f,0f,1f],start_interpolation: 0,interpolation_duration: 1}
data modify entity @s data merge value {"cameras":{},"locators":{"locator":{"posx":1.4318992653765843,"posy":1.1299594550674563,"posz":2.2295563611520226,"roty":266.8242768528739,"rotx":17.59433216660668},"locator2":{"posx":-0.6357645627600425,"posy":1.1495282374934868,"posz":4.020962833853369,"roty":124.78490364325478,"rotx":8.04809536629297},"locator3":{"posx":-3.827021247335479e-16,"posy":2.25,"posz":3.125,"roty":79.99999999999996,"rotx":0}}}