# This file was generated by Animated Java via MC-Build. It is not recommended to edit this file directly.
$data merge entity $(bone_sword) {transformation: [-0.3733f,0.5238f,-0.8846f,-0.1573f,-0.9147f,-0.5989f,0.0313f,1.6097f,-0.4694f,0.7505f,0.6424f,2.2589f,0f,0f,0f,1f],start_interpolation: 0,interpolation_duration: 1}
$data merge entity $(bone_right_arm) {transformation: [-0.3413f,0.0531f,-0.9385f,-0.1321f,-0.8363f,-0.473f,0.2773f,1.375f,-0.4292f,0.8794f,0.2059f,2.8418f,0f,0f,0f,1f],start_interpolation: 0,interpolation_duration: 1}
$data merge entity $(bone_gun) {transformation: [0.183f,0.1631f,0.9695f,-0.1168f,-0.978f,0.1307f,0.1626f,1.2117f,-0.1002f,-0.9779f,0.1834f,3.9918f,0f,0f,0f,1f],start_interpolation: 0,interpolation_duration: 1}
$data merge entity $(bone_left_arm) {transformation: [0.183f,0.1631f,0.9695f,0.1026f,-0.978f,0.1307f,0.1626f,1.25f,-0.1002f,-0.9779f,0.1834f,3.3944f,0f,0f,0f,1f],start_interpolation: 0,interpolation_duration: 1}
$data merge entity $(bone_right_leg) {transformation: [0.3672f,0.1167f,0.9228f,-0.0502f,0.1932f,0.9609f,-0.1984f,0.75f,-0.9098f,0.2511f,0.3304f,3.0174f,0f,0f,0f,1f],start_interpolation: 0,interpolation_duration: 1}
$data merge entity $(bone_left_leg) {transformation: [-0.8971f,0.1169f,0.426f,0.0502f,-0.0175f,0.9542f,-0.2988f,0.75f,-0.4414f,-0.2755f,-0.854f,3.2326f,0f,0f,0f,1f],start_interpolation: 0,interpolation_duration: 1}
$data merge entity $(bone_head) {transformation: [-0.0516f,0.2402f,0.9694f,0f,0.1137f,0.9658f,-0.2332f,1.5f,-0.9922f,0.0981f,-0.0771f,3.125f,0f,0f,0f,1f],start_interpolation: 0,interpolation_duration: 1}
$data merge entity $(bone_body) {transformation: [-0.4226f,0f,0.9063f,0f,0f,1f,0f,1.125f,-0.9063f,0f,-0.4226f,3.125f,0f,0f,0f,1f],start_interpolation: 0,interpolation_duration: 1}
data modify entity @s data merge value {"cameras":{},"locators":{"locator":{"posx":0.8284578760775451,"posy":1.5748299826895957,"posz":1.5429989237551855,"roty":234.01165823845875,"rotx":1.6398990506204756},"locator2":{"posx":-0.23329376983519326,"posy":1.1662729579414073,"posz":4.221917625187682,"roty":100.71282894298905,"rotx":9.359042408204889},"locator3":{"posx":-3.827021247335479e-16,"posy":2.25,"posz":3.125,"roty":64.99999999999997,"rotx":0}}}