# This file was generated by Animated Java via MC-Build. It is not recommended to edit this file directly.
$data merge entity $(bone_sword) {transformation: [-0.4192f,0.9364f,-0.379f,-0.5661f,-0.9265f,-0.5199f,-0.2598f,1.6532f,-0.4026f,0.2215f,0.9925f,2.4558f,0f,0f,0f,1f],start_interpolation: 0,interpolation_duration: 1}
$data merge entity $(bone_right_arm) {transformation: [-0.3833f,0.5819f,-0.7173f,-0.2009f,-0.8471f,-0.531f,0.0219f,1.375f,-0.3681f,0.616f,0.6964f,2.8856f,0f,0f,0f,1f],start_interpolation: 0,interpolation_duration: 1}
$data merge entity $(bone_gun) {transformation: [0.1508f,-0.2494f,0.9566f,0.2346f,-0.978f,0.1035f,0.1812f,1.2267f,-0.1441f,-0.9629f,-0.2283f,3.9906f,0f,0f,0f,1f],start_interpolation: 0,interpolation_duration: 1}
$data merge entity $(bone_left_arm) {transformation: [0.1508f,-0.2494f,0.9566f,0.1928f,-0.978f,0.1035f,0.1812f,1.25f,-0.1441f,-0.9629f,-0.2283f,3.3548f,0f,0f,0f,1f],start_interpolation: 0,interpolation_duration: 1}
$data merge entity $(bone_right_leg) {transformation: [0.1192f,0.1777f,0.9768f,-0.0763f,0.1932f,0.9609f,-0.1984f,0.75f,-0.9739f,0.2124f,0.0803f,3.034f,0f,0f,0f,1f],start_interpolation: 0,interpolation_duration: 1}
$data merge entity $(bone_left_leg) {transformation: [-0.9808f,0.0416f,0.1905f,0.0763f,-0.0175f,0.9542f,-0.2988f,0.75f,-0.1942f,-0.2964f,-0.9351f,3.216f,0f,0f,0f,1f],start_interpolation: 0,interpolation_duration: 1}
$data merge entity $(bone_head) {transformation: [-0.366f,0.2576f,0.8943f,0f,0.1284f,0.9657f,-0.2257f,1.5f,-0.9217f,0.0322f,-0.3865f,3.125f,0f,0f,0f,1f],start_interpolation: 0,interpolation_duration: 1}
$data merge entity $(bone_body) {transformation: [-0.6428f,0f,0.766f,0f,0f,1f,0f,1.125f,-0.766f,0f,-0.6428f,3.125f,0f,0f,0f,1f],start_interpolation: 0,interpolation_duration: 1}
data modify entity @s data merge value {"cameras":{},"locators":{"locator":{"posx":-0.143737669670703,"posy":1.9427290900986878,"posz":1.3498668864898526,"roty":200.901443123183,"rotx":-13.741805390932983},"locator2":{"posx":0.22224219202502216,"posy":1.1866340137294604,"posz":4.249132931453384,"roty":76.57841753189422,"rotx":10.43832957865206},"locator3":{"posx":-3.827021247335479e-16,"posy":2.25,"posz":3.125,"roty":50.00000000000003,"rotx":0}}}