# This file was generated by Animated Java via MC-Build. It is not recommended to edit this file directly.
$data merge entity $(bone_sword) {transformation: [-0.352f,-0.2208f,1.0117f,-0.2322f,0.7903f,0.6333f,0.4132f,0.93f,-0.6692f,0.864f,-0.0442f,-0.6788f,0f,0f,0f,1f],start_interpolation: 0,interpolation_duration: 1}
$data merge entity $(bone_right_arm) {transformation: [-0.3218f,-0.1525f,0.9344f,-0.2783f,0.7226f,0.5982f,0.3465f,1.2695f,-0.6118f,0.7867f,-0.0823f,-0.1514f,0f,0f,0f,1f],start_interpolation: 0,interpolation_duration: 1}
$data merge entity $(bone_gun) {transformation: [0.417f,0.7987f,0.4339f,-0.5538f,0.122f,0.4239f,-0.8975f,0.9339f,-0.9007f,0.4272f,0.0793f,0.0611f,0f,0f,0f,1f],start_interpolation: 0,interpolation_duration: 1}
$data merge entity $(bone_left_arm) {transformation: [0.417f,0.7987f,0.4339f,0.0188f,0.122f,0.4239f,-0.8975f,1.1083f,-0.9007f,0.4272f,0.0793f,0.2804f,0f,0f,0f,1f],start_interpolation: 0,interpolation_duration: 1}
$data merge entity $(bone_right_leg) {transformation: [-0.4881f,0.1518f,0.8595f,-0.105f,0.2529f,0.9671f,-0.0272f,0.7212f,-0.8353f,0.2041f,-0.5105f,-0.0991f,0f,0f,0f,1f],start_interpolation: 0,interpolation_duration: 1}
$data merge entity $(bone_left_leg) {transformation: [-0.8303f,-0.2117f,0.5156f,0.075f,-0.1517f,0.976f,0.1563f,0.6863f,-0.5363f,0.0515f,-0.8424f,0.0969f,0f,0f,0f,1f],start_interpolation: 0,interpolation_duration: 1}
$data merge entity $(bone_head) {transformation: [-0.9917f,-0.1284f,0.0006f,-0.048f,-0.128f,0.9887f,0.078f,1.3918f,-0.0106f,0.0772f,-0.997f,0.0614f,0f,0f,0f,1f],start_interpolation: 0,interpolation_duration: 1}
$data merge entity $(bone_body) {transformation: [-0.788f,-0.128f,0.6022f,0f,0f,0.9781f,0.2079f,1.025f,-0.6157f,0.1638f,-0.7708f,0f,0f,0f,0f,1f],start_interpolation: 0,interpolation_duration: 1}
data modify entity @s data merge value {"cameras":{},"locators":{"locator":{"posx":-1.3596150826792237,"posy":0.46958821412144497,"posz":-0.6295035295115337,"roty":87.49723086623524,"rotx":22.194889611887493},"locator2":{"posx":-0.7874044671306263,"posy":0.898065878052448,"posz":-0.051929476438524275,"roty":100.35743108532252,"rotx":-63.828185275787405},"locator3":{"posx":-0.1440036205946031,"posy":2.1254160508255313,"posz":0.18431622918556903,"roty":38.00000000000003,"rotx":12}}}