# This file was generated by Animated Java via MC-Build. It is not recommended to edit this file directly.
$data merge entity $(bone_sword) {transformation: [-0.4576f,0.9571f,0.2661f,-0.8234f,-0.9337f,-0.3142f,-0.4752f,1.6212f,-0.3394f,-0.426f,0.9485f,2.8322f,0f,0f,0f,1f],start_interpolation: 0,interpolation_duration: 1}
$data merge entity $(bone_right_arm) {transformation: [-0.4183f,0.8778f,-0.2335f,-0.256f,-0.8536f,-0.4678f,-0.2291f,1.375f,-0.3103f,0.1035f,0.945f,2.9458f,0f,0f,0f,1f],start_interpolation: 0,interpolation_duration: 1}
$data merge entity $(bone_gun) {transformation: [0.1084f,-0.6202f,0.7769f,0.5638f,-0.978f,0.0736f,0.1952f,1.2438f,-0.1783f,-0.781f,-0.5986f,3.8519f,0f,0f,0f,1f],start_interpolation: 0,interpolation_duration: 1}
$data merge entity $(bone_left_arm) {transformation: [0.1084f,-0.6202f,0.7769f,0.2679f,-0.978f,0.0736f,0.1952f,1.25f,-0.1783f,-0.781f,-0.5986f,3.2872f,0f,0f,0f,1f],start_interpolation: 0,interpolation_duration: 1}
$data merge entity $(bone_right_leg) {transformation: [-0.1369f,0.2266f,0.9643f,-0.0973f,0.1932f,0.9609f,-0.1984f,0.75f,-0.9716f,0.1591f,-0.1753f,3.0569f,0f,0f,0f,1f],start_interpolation: 0,interpolation_duration: 1}
$data merge entity $(bone_left_leg) {transformation: [-0.9976f,-0.0365f,-0.058f,0.0973f,-0.0175f,0.9542f,-0.2988f,0.75f,0.0663f,-0.297f,-0.9526f,3.1931f,0f,0f,0f,1f],start_interpolation: 0,interpolation_duration: 1}
$data merge entity $(bone_head) {transformation: [-0.6407f,0.257f,0.7235f,0f,0.1431f,0.9658f,-0.2164f,1.5f,-0.7543f,-0.0351f,-0.6556f,3.125f,0f,0f,0f,1f],start_interpolation: 0,interpolation_duration: 1}
$data merge entity $(bone_body) {transformation: [-0.8192f,0f,0.5736f,0f,0f,1f,0f,1.125f,-0.5736f,0f,-0.8192f,3.125f,0f,0f,0f,1f],start_interpolation: 0,interpolation_duration: 1}
data modify entity @s data merge value {"cameras":{},"locators":{"locator":{"posx":-1.119976143906093,"posy":2.150725799914049,"posz":1.775282071290009,"roty":164.32694488061438,"rotx":-25.753807857628455},"locator2":{"posx":0.65815548328375,"posy":1.2101030751966149,"posz":4.093913194244682,"roty":52.388325264651954,"rotx":11.2570079115894},"locator3":{"posx":-3.827021247335479e-16,"posy":2.25,"posz":3.125,"roty":35,"rotx":0}}}