# This file was generated by Animated Java via MC-Build. It is not recommended to edit this file directly.
$data merge entity $(bone_sword) {transformation: [-0.4926f,0.5838f,0.7828f,-0.8518f,-0.9359f,-0.032f,-0.5651f,1.5211f,-0.2787f,-0.9244f,0.514f,3.2685f,0f,0f,0f,1f],start_interpolation: 0,interpolation_duration: 1}
$data merge entity $(bone_right_arm) {transformation: [-0.4504f,0.8317f,0.3248f,-0.2937f,-0.8557f,-0.2982f,-0.4229f,1.375f,-0.2548f,-0.4683f,0.846f,3.0181f,0f,0f,0f,1f],start_interpolation: 0,interpolation_duration: 1}
$data merge entity $(bone_gun) {transformation: [0.0586f,-0.885f,0.4619f,0.8186f,-0.978f,0.042f,0.2044f,1.2625f,-0.2002f,-0.4637f,-0.8631f,3.5937f,0f,0f,0f,1f],start_interpolation: 0,interpolation_duration: 1}
$data merge entity $(bone_left_arm) {transformation: [0.0586f,-0.885f,0.4619f,0.3197f,-0.978f,0.042f,0.2044f,1.25f,-0.2002f,-0.4637f,-0.8631f,3.197f,0f,0f,0f,1f],start_interpolation: 0,interpolation_duration: 1}
$data merge entity $(bone_right_leg) {transformation: [-0.3837f,0.26f,0.8861f,-0.1116f,0.1932f,0.9609f,-0.1984f,0.75f,-0.903f,0.0951f,-0.4189f,3.0844f,0f,0f,0f,1f],start_interpolation: 0,interpolation_duration: 1}
$data merge entity $(bone_left_leg) {transformation: [-0.9465f,-0.1121f,-0.3026f,0.1116f,-0.0175f,0.9542f,-0.2988f,0.75f,0.3222f,-0.2775f,-0.9051f,3.1656f,0f,0f,0f,1f],start_interpolation: 0,interpolation_duration: 1}
$data merge entity $(bone_head) {transformation: [-0.8469f,0.2391f,0.475f,0f,0.1576f,0.9659f,-0.2053f,1.5f,-0.5079f,-0.099f,-0.8557f,3.125f,0f,0f,0f,1f],start_interpolation: 0,interpolation_duration: 1}
$data merge entity $(bone_body) {transformation: [-0.9397f,0f,0.342f,0f,0f,1f,0f,1.125f,-0.342f,0f,-0.9397f,3.125f,0f,0f,0f,1f],start_interpolation: 0,interpolation_duration: 1}
data modify entity @s data merge value {"cameras":{},"locators":{"locator":{"posx":-1.7240640356325057,"posy":2.150765490332388,"posz":2.695751615556998,"roty":123.28685085024512,"rotx":-31.105894424579613},"locator2":{"posx":1.0037568768684164,"posy":1.2360942188925097,"posz":3.777083024786844,"roty":28.155079788052007,"rotx":11.792615738687076},"locator3":{"posx":-3.827021247335479e-16,"posy":2.25,"posz":3.125,"roty":19.999999999999943,"rotx":0}}}