# This file was generated by Animated Java via MC-Build. It is not recommended to edit this file directly.
$data merge entity $(bone_sword) {transformation: [-0.5272f,-0.0202f,0.9581f,-0.6569f,-0.9333f,0.2591f,-0.508f,1.3745f,-0.2176f,-1.0624f,-0.1422f,3.6232f,0f,0f,0f,1f],start_interpolation: 0,interpolation_duration: 1}
$data merge entity $(bone_right_arm) {transformation: [-0.482f,0.4678f,0.7409f,-0.3113f,-0.8533f,-0.0586f,-0.5181f,1.375f,-0.1989f,-0.8819f,0.4274f,3.0978f,0f,0f,0f,1f],start_interpolation: 0,interpolation_duration: 1}
$data merge entity $(bone_gun) {transformation: [0.0047f,-0.9978f,0.0665f,0.9577f,-0.978f,0.0092f,0.2084f,1.2826f,-0.2086f,-0.066f,-0.9758f,3.2531f,0f,0f,0f,1f],start_interpolation: 0,interpolation_duration: 1}
$data merge entity $(bone_left_arm) {transformation: [0.0047f,-0.9978f,0.0665f,0.3417f,-0.978f,0.0092f,0.2084f,1.25f,-0.2086f,-0.066f,-0.9758f,3.0922f,0f,0f,0f,1f],start_interpolation: 0,interpolation_duration: 1}
$data merge entity $(bone_right_leg) {transformation: [-0.6043f,0.2758f,0.7475f,-0.1183f,0.1932f,0.9609f,-0.1984f,0.75f,-0.773f,0.0245f,-0.634f,3.1147f,0f,0f,0f,1f],start_interpolation: 0,interpolation_duration: 1}
$data merge entity $(bone_left_leg) {transformation: [-0.8309f,-0.1801f,-0.5265f,0.1183f,-0.0175f,0.9542f,-0.2988f,0.75f,0.5562f,-0.239f,-0.7959f,3.1353f,0f,0f,0f,1f],start_interpolation: 0,interpolation_duration: 1}
$data merge entity $(bone_head) {transformation: [-0.8451f,0.099f,0.5253f,0f,-0.0346f,0.9705f,-0.2387f,1.5f,-0.5334f,-0.2199f,-0.8168f,3.125f,0f,0f,0f,1f],start_interpolation: 0,interpolation_duration: 1}
$data merge entity $(bone_body) {transformation: [-0.9962f,0f,0.0872f,0f,0f,1f,0f,1.125f,-0.0872f,0f,-0.9962f,3.125f,0f,0f,0f,1f],start_interpolation: 0,interpolation_duration: 1}
data modify entity @s data merge value {"cameras":{},"locators":{"locator":{"posx":-1.724561196562318,"posy":1.9405823968923337,"posz":3.781571841411816,"roty":81.56026067517091,"rotx":-27.676653577618413},"locator2":{"posx":1.201963504502012,"posy":1.263958555614037,"posz":3.3458763763787758,"roty":3.895896658942206,"rotx":12.030201133475407},"locator3":{"posx":-3.827021247335479e-16,"posy":2.25,"posz":3.125,"roty":4.999999999999943,"rotx":0}}}