# This file was generated by Animated Java via MC-Build. It is not recommended to edit this file directly.
$data merge entity $(bone_sword) {transformation: [-0.5624f,-0.5953f,0.7251f,-0.3256f,-0.9257f,0.4891f,-0.3165f,1.2123f,-0.152f,-0.7764f,-0.7553f,3.7865f,0f,0f,0f,1f],start_interpolation: 0,interpolation_duration: 1}
$data merge entity $(bone_right_arm) {transformation: [-0.5141f,-0.0656f,0.8552f,-0.3078f,-0.8464f,0.2003f,-0.4935f,1.375f,-0.1389f,-0.9775f,-0.1585f,3.1793f,0f,0f,0f,1f],start_interpolation: 0,interpolation_duration: 1}
$data merge entity $(bone_gun) {transformation: [-0.0494f,-0.9389f,-0.3405f,0.9574f,-0.978f,-0.0237f,0.2073f,1.3033f,-0.2027f,0.3433f,-0.9171f,2.8806f,0f,0f,0f,1f],start_interpolation: 0,interpolation_duration: 1}
$data merge entity $(bone_left_arm) {transformation: [-0.0494f,-0.9389f,-0.3405f,0.3302f,-0.978f,-0.0237f,0.2073f,1.25f,-0.2027f,0.3433f,-0.9171f,2.9822f,0f,0f,0f,1f],start_interpolation: 0,interpolation_duration: 1}
$data merge entity $(bone_right_leg) {transformation: [-0.7838f,0.2727f,0.5579f,-0.1169f,0.1932f,0.9609f,-0.1984f,0.75f,-0.5902f,-0.0477f,-0.8058f,3.1456f,0f,0f,0f,1f],start_interpolation: 0,interpolation_duration: 1}
$data merge entity $(bone_left_leg) {transformation: [-0.6586f,-0.2359f,-0.7146f,0.1169f,-0.0175f,0.9542f,-0.2988f,0.75f,0.7523f,-0.1842f,-0.6325f,3.1044f,0f,0f,0f,1f],start_interpolation: 0,interpolation_duration: 1}
$data merge entity $(bone_head) {transformation: [-0.812f,-0.042f,0.5821f,0f,-0.1712f,0.9706f,-0.1689f,1.5f,-0.5579f,-0.2368f,-0.7954f,3.125f,0f,0f,0f,1f],start_interpolation: 0,interpolation_duration: 1}
$data merge entity $(bone_body) {transformation: [-0.9848f,0f,-0.1736f,0f,0f,1f,0f,1.125f,0.1736f,0f,-0.9848f,3.125f,0f,0f,0f,1f],start_interpolation: 0,interpolation_duration: 1}
data modify entity @s data merge value {"cameras":{},"locators":{"locator":{"posx":-1.1335356113077306,"posy":1.564979266771103,"posz":4.6280761467882305,"roty":43.830895476539524,"rotx":-16.81909929812685},"locator2":{"posx":1.2187201484436132,"posy":1.29300043043112,"posz":2.8664329226549867,"roty":339.6308672044962,"rotx":11.963062931832468},"locator3":{"posx":-3.827021247335479e-16,"posy":2.25,"posz":3.125,"roty":350,"rotx":0}}}
execute on vehicle unless entity @s[tag=aj.transforms_only] at @s run function animated_java:gustave/animations/attack/zzz/frames/23_root_commands