# This file was generated by Animated Java via MC-Build. It is not recommended to edit this file directly.
$data merge entity $(bone_sword) {transformation: [-0.4611f,-0.801f,-0.5848f,0.3713f,-0.9224f,0.5834f,-0.0717f,1.1756f,0.3644f,0.463f,-0.9215f,3.7282f,0f,0f,0f,1f],start_interpolation: 0,interpolation_duration: 1}
$data merge entity $(bone_right_arm) {transformation: [-0.4216f,-0.8292f,0.3669f,-0.1321f,-0.8434f,0.2099f,-0.4947f,1.375f,0.3332f,-0.518f,-0.7878f,3.4082f,0f,0f,0f,1f],start_interpolation: 0,interpolation_duration: 1}
$data merge entity $(bone_gun) {transformation: [-0.1944f,-0.1051f,-0.9753f,0.2433f,-0.978f,-0.0561f,0.201f,1.3242f,-0.0758f,0.9929f,-0.0919f,2.1467f,0f,0f,0f,1f],start_interpolation: 0,interpolation_duration: 1}
$data merge entity $(bone_left_arm) {transformation: [-0.1944f,-0.1051f,-0.9753f,0.0588f,-0.978f,-0.0561f,0.201f,1.25f,-0.0758f,0.9929f,-0.0919f,2.7524f,0f,0f,0f,1f],start_interpolation: 0,interpolation_duration: 1}
$data merge entity $(bone_right_leg) {transformation: [-0.964f,-0.1115f,-0.2413f,-0.0502f,-0.0657f,0.9796f,-0.1901f,0.75f,0.2576f,-0.1674f,-0.9516f,3.2326f,0f,0f,0f,1f],start_interpolation: 0,interpolation_duration: 1}
$data merge entity $(bone_left_leg) {transformation: [0.2727f,-0.0933f,-0.9576f,0.0502f,-0.1886f,0.9708f,-0.1483f,0.75f,0.9434f,0.2211f,0.2471f,3.0174f,0f,0f,0f,1f],start_interpolation: 0,interpolation_duration: 1}
$data merge entity $(bone_head) {transformation: [-0.9764f,-0.213f,-0.0368f,0f,-0.2119f,0.9768f,-0.0316f,1.5f,0.0427f,-0.0231f,-0.9988f,3.125f,0f,0f,0f,1f],start_interpolation: 0,interpolation_duration: 1}
$data merge entity $(bone_body) {transformation: [-0.4226f,0f,-0.9063f,0f,0f,1f,0f,1.125f,0.9063f,0f,-0.4226f,3.125f,0f,0f,0f,1f],start_interpolation: 0,interpolation_duration: 1}
data modify entity @s data merge value {"cameras":{},"locators":{"locator":{"posx":1.0229414295086399,"posy":1.25550328514641,"posz":4.754988531124553,"roty":327.60029360810137,"rotx":-3.757591661835634},"locator2":{"posx":0.3457418703530162,"posy":1.3224947902553952,"posz":1.9056279549255666,"roty":275.38073699304164,"rotx":11.593099176187954},"locator3":{"posx":-3.827021247335479e-16,"posy":2.25,"posz":3.125,"roty":295,"rotx":0}}}