# This file was generated by Animated Java via MC-Build. It is not recommended to edit this file directly.
$data merge entity $(bone_sword) {transformation: [0.0184f,0.3806f,-1.0252f,0.6818f,-0.9189f,0.5614f,0.1919f,1.1388f,0.593f,0.8581f,0.3292f,3.1286f,0f,0f,0f,1f],start_interpolation: 0,interpolation_duration: 1}
$data merge entity $(bone_right_arm) {transformation: [0.0169f,-0.9035f,-0.4283f,0.1562f,-0.8401f,0.2195f,-0.496f,1.375f,0.5421f,0.3682f,-0.7553f,3.3956f,0f,0f,0f,1f],start_interpolation: 0,interpolation_duration: 1}
$data merge entity $(bone_gun) {transformation: [-0.1736f,0.8436f,-0.5081f,-0.7566f,-0.978f,-0.087f,0.1896f,1.3448f,0.1158f,0.5298f,0.8402f,2.4325f,0f,0f,0f,1f],start_interpolation: 0,interpolation_duration: 1}
$data merge entity $(bone_left_arm) {transformation: [-0.1736f,0.8436f,-0.5081f,-0.2958f,-0.978f,-0.087f,0.1896f,1.25f,0.1158f,0.5298f,0.8402f,2.8627f,0f,0f,0f,1f],start_interpolation: 0,interpolation_duration: 1}
$data merge entity $(bone_right_leg) {transformation: [-0.4399f,-0.2463f,-0.8636f,0.0594f,-0.2745f,0.9525f,-0.1318f,0.75f,0.8551f,0.1791f,-0.4866f,3.2278f,0f,0f,0f,1f],start_interpolation: 0,interpolation_duration: 1}
$data merge entity $(bone_left_leg) {transformation: [0.9076f,0.3265f,-0.264f,-0.0594f,-0.3428f,0.9392f,-0.0171f,0.75f,0.2424f,0.1061f,0.9644f,3.0222f,0f,0f,0f,1f],start_interpolation: 0,interpolation_duration: 1}
$data merge entity $(bone_head) {transformation: [-0.7486f,-0.0215f,-0.6627f,0f,-0.1391f,0.9823f,0.1252f,1.5f,0.6483f,0.1859f,-0.7383f,3.125f,0f,0f,0f,1f],start_interpolation: 0,interpolation_duration: 1}
$data merge entity $(bone_body) {transformation: [0.5f,0f,-0.866f,0f,0f,1f,0f,1.125f,0.866f,0f,0.5f,3.125f,0f,0f,0f,1f],start_interpolation: 0,interpolation_duration: 1}
data modify entity @s data merge value {"cameras":{},"locators":{"locator":{"posx":1.8242142516243023,"posy":0.9250249680067628,"posz":2.761745320698275,"roty":252.19819971249893,"rotx":10.102954145773577},"locator2":{"posx":-0.9278032629932381,"posy":1.3517052853568745,"posz":2.234364613290033,"roty":211.1645886643512,"rotx":10.930707377498052},"locator3":{"posx":-3.827021247335479e-16,"posy":2.25,"posz":3.125,"roty":240.00000000000003,"rotx":0}}}