# This file was generated by Animated Java via MC-Build. It is not recommended to edit this file directly.
$data merge entity $(bone_sword) {transformation: [-0.3412f,-0.1316f,1.0308f,-0.3346f,0.9432f,0.4161f,0.3654f,1.0035f,-0.4361f,1.0029f,-0.0163f,-0.6657f,0f,0f,0f,1f],start_interpolation: 0,interpolation_duration: 1}
$data merge entity $(bone_right_arm) {transformation: [-0.312f,-0.045f,0.949f,-0.3135f,0.8624f,0.4058f,0.3027f,1.2128f,-0.3988f,0.9128f,-0.0879f,-0.073f,0f,0f,0f,1f],start_interpolation: 0,interpolation_duration: 1}
$data merge entity $(bone_gun) {transformation: [0.2545f,0.8914f,0.3749f,-0.5455f,0.2249f,0.3225f,-0.9195f,0.9209f,-0.9406f,0.3183f,-0.1184f,0.1512f,0f,0f,0f,1f],start_interpolation: 0,interpolation_duration: 1}
$data merge entity $(bone_left_arm) {transformation: [0.2545f,0.8914f,0.3749f,0.0686f,0.2249f,0.3225f,-0.9195f,1.0359f,-0.9406f,0.3183f,-0.1184f,0.2784f,0f,0f,0f,1f],start_interpolation: 0,interpolation_duration: 1}
$data merge entity $(bone_right_leg) {transformation: [-0.6514f,0.2571f,0.7138f,-0.1348f,0.2889f,0.954f,-0.0799f,0.7022f,-0.7015f,0.1541f,-0.6958f,-0.0797f,0f,0f,0f,1f],start_interpolation: 0,interpolation_duration: 1}
$data merge entity $(bone_left_leg) {transformation: [-0.9099f,-0.2639f,0.3201f,0.0831f,-0.1602f,0.9352f,0.3157f,0.6433f,-0.3826f,0.236f,-0.8933f,0.0984f,0f,0f,0f,1f],start_interpolation: 0,interpolation_duration: 1}
$data merge entity $(bone_head) {transformation: [-0.9899f,-0.1417f,-0.0013f,-0.0526f,-0.1403f,0.9789f,0.1488f,1.3316f,-0.0198f,0.1475f,-0.9889f,0.1033f,0f,0f,0f,1f],start_interpolation: 0,interpolation_duration: 1}
$data merge entity $(bone_body) {transformation: [-0.891f,-0.1403f,0.4318f,0f,0f,0.9511f,0.309f,0.975f,-0.454f,0.2753f,-0.8474f,0f,0f,0f,0f,1f],start_interpolation: 0,interpolation_duration: 1}
data modify entity @s data merge value {"cameras":{},"locators":{"locator":{"posx":-1.4831645037427281,"posy":0.5964116220226809,"posz":-0.647554232093911,"roty":89.09301940979333,"rotx":19.515439084124946},"locator2":{"posx":-0.7976421407046206,"posy":0.9120662299992063,"posz":0.08089675247462493,"roty":72.47991191776502,"rotx":-66.84747271818341},"locator3":{"posx":-0.15782712716733202,"posy":2.044938580832048,"posz":0.3097531778323031,"roty":27,"rotx":18}}}