# This file was generated by Animated Java via MC-Build. It is not recommended to edit this file directly.
$data merge entity $(bone_sword) {transformation: [-0.3765f,-0.0855f,-1.0233f,0.4872f,-0.7346f,0.784f,0.2047f,1.0158f,0.7176f,0.7578f,-0.3273f,2.8111f,0f,0f,0f,1f],start_interpolation: 0,interpolation_duration: 1}
$data merge entity $(bone_right_arm) {transformation: [-0.3442f,-0.8968f,-0.278f,-0.0327f,-0.6716f,0.4421f,-0.5945f,1.375f,0.6561f,-0.0179f,-0.7545f,2.8108f,0f,0f,0f,1f],start_interpolation: 0,interpolation_duration: 1}
$data merge entity $(bone_gun) {transformation: [-0.4342f,0.0409f,-0.8999f,0.0731f,-0.8785f,0.202f,0.433f,1.1313f,0.1995f,0.9785f,-0.0518f,1.5394f,0f,0f,0f,1f],start_interpolation: 0,interpolation_duration: 1}
$data merge entity $(bone_left_arm) {transformation: [-0.4342f,0.0409f,-0.8999f,-0.0269f,-0.8785f,0.202f,0.433f,1.25f,0.1995f,0.9785f,-0.0518f,2.1578f,0f,0f,0f,1f],start_interpolation: 0,interpolation_duration: 1}
$data merge entity $(bone_right_leg) {transformation: [-0.8038f,-0.2638f,-0.5332f,-0.0124f,-0.23f,0.9644f,-0.1305f,0.75f,0.5487f,0.0177f,-0.8358f,2.6181f,0f,0f,0f,1f],start_interpolation: 0,interpolation_duration: 1}
$data merge entity $(bone_left_leg) {transformation: [0.4871f,0.1486f,-0.8606f,0.0124f,-0.326f,0.9451f,-0.0214f,0.75f,0.8102f,0.291f,0.5088f,2.3819f,0f,0f,0f,1f],start_interpolation: 0,interpolation_duration: 1}
$data merge entity $(bone_head) {transformation: [-0.8126f,-0.2728f,-0.5151f,0f,-0.3196f,0.9475f,0.0024f,1.5f,0.4875f,0.1666f,-0.8571f,2.5f,0f,0f,0f,1f],start_interpolation: 0,interpolation_duration: 1}
$data merge entity $(bone_body) {transformation: [-0.1045f,0f,-0.9945f,0f,0f,1f,0f,1.125f,0.9945f,0f,-0.1045f,2.5f,0f,0f,0f,1f],start_interpolation: 0,interpolation_duration: 1}
data modify entity @s data merge value {"cameras":{},"locators":{"locator":{"posx":1.6274926100500686,"posy":0.7876909982319958,"posz":3.1758696221744507,"roty":287.7375896126118,"rotx":10.789255321318707},"locator2":{"posx":0.13322193570640173,"posy":1.0469912572313183,"posz":1.2988382083570906,"roty":273.2931359235721,"rotx":25.657752037017758},"locator3":{"posx":-3.0616169978683826e-16,"posy":2.25,"posz":2.4999999999999996,"roty":276.00000000000006,"rotx":0}}}