# This file was generated by Animated Java via MC-Build. It is not recommended to edit this file directly.
$data merge entity $(bone_sword) {transformation: [-0.8535f,-0.2959f,-0.6167f,0.1161f,-0.4948f,0.9479f,0.23f,0.88f,0.4723f,0.4584f,-0.8736f,2.3211f,0f,0f,0f,1f],start_interpolation: 0,interpolation_duration: 1}
$data merge entity $(bone_right_arm) {transformation: [-0.7803f,-0.6084f,-0.1446f,-0.2091f,-0.4524f,0.7088f,-0.5412f,1.375f,0.4318f,-0.3569f,-0.8284f,2.1072f,0f,0f,0f,1f],start_interpolation: 0,interpolation_duration: 1}
$data merge entity $(bone_gun) {transformation: [-0.7129f,-0.6403f,-0.2861f,0.6768f,-0.6945f,0.5879f,0.4148f,0.8806f,-0.0974f,0.4944f,-0.8637f,1.4436f,0f,0f,0f,1f],start_interpolation: 0,interpolation_duration: 1}
$data merge entity $(bone_left_arm) {transformation: [-0.7129f,-0.6403f,-0.2861f,0.2007f,-0.6945f,0.5879f,0.4148f,1.25f,-0.0974f,0.4944f,-0.8637f,1.6521f,0f,0f,0f,1f],start_interpolation: 0,interpolation_duration: 1}
$data merge entity $(bone_right_leg) {transformation: [-0.9828f,-0.168f,-0.0769f,-0.0795f,-0.159f,0.981f,-0.1115f,0.75f,0.0942f,-0.0973f,-0.9908f,1.9632f,0f,0f,0f,1f],start_interpolation: 0,interpolation_duration: 1}
$data merge entity $(bone_left_leg) {transformation: [-0.2131f,-0.1026f,-0.9716f,0.0795f,-0.2941f,0.9551f,-0.0364f,0.75f,0.9317f,0.278f,-0.2338f,1.7868f,0f,0f,0f,1f],start_interpolation: 0,interpolation_duration: 1}
$data merge entity $(bone_head) {transformation: [-0.853f,-0.3742f,-0.3637f,0f,-0.3471f,0.9273f,-0.1401f,1.5f,0.3897f,0.0067f,-0.9209f,1.875f,0f,0f,0f,1f],start_interpolation: 0,interpolation_duration: 1}
$data merge entity $(bone_body) {transformation: [-0.6691f,0f,-0.7431f,0f,0f,1f,0f,1.125f,0.7431f,0f,-0.6691f,1.875f,0f,0f,0f,1f],start_interpolation: 0,interpolation_duration: 1}
data modify entity @s data merge value {"cameras":{},"locators":{"locator":{"posx":0.8032355447615731,"posy":0.6237918078534594,"posz":3.2944460252128716,"roty":324.7796841948398,"rotx":12.137083993480164},"locator2":{"posx":0.8591670967910808,"posy":0.70122652784434,"posz":1.3874665730293532,"roty":341.6731347026406,"rotx":24.509793943897943},"locator3":{"posx":-2.296212748401286e-16,"posy":2.25,"posz":1.874999999999999,"roty":312.0000000000001,"rotx":0}}}