# This file was generated by Animated Java via MC-Build. It is not recommended to edit this file directly.
$data merge entity $(bone_sword) {transformation: [-1.0651f,-0.2399f,0.0659f,-0.2707f,-0.2189f,1.0414f,0.2526f,0.782f,-0.1181f,0.2328f,-1.0621f,1.52f,0f,0f,0f,1f],start_interpolation: 0,interpolation_duration: 1}
$data merge entity $(bone_right_arm) {transformation: [-0.9738f,-0.1482f,0.1726f,-0.3057f,-0.2002f,0.9185f,-0.341f,1.375f,-0.108f,-0.3666f,-0.9241f,1.315f,0f,0f,0f,1f],start_interpolation: 0,interpolation_duration: 1}
$data merge entity $(bone_gun) {transformation: [-0.6119f,-0.4107f,0.676f,0.4907f,-0.4666f,0.8775f,0.1107f,0.7186f,-0.6387f,-0.2477f,-0.7285f,1.531f,0f,0f,0f,1f],start_interpolation: 0,interpolation_duration: 1}
$data merge entity $(bone_left_arm) {transformation: [-0.6119f,-0.4107f,0.676f,0.2698f,-0.4666f,0.8775f,0.1107f,1.25f,-0.6387f,-0.2477f,-0.7285f,1.2566f,0f,0f,0f,1f],start_interpolation: 0,interpolation_duration: 1}
$data merge entity $(bone_right_leg) {transformation: [-0.9123f,-0.0309f,0.4084f,-0.1162f,-0.0648f,0.9955f,-0.0695f,0.75f,-0.4044f,-0.0899f,-0.9102f,1.2747f,0f,0f,0f,1f],start_interpolation: 0,interpolation_duration: 1}
$data merge entity $(bone_left_leg) {transformation: [-0.8081f,-0.2444f,-0.5359f,0.1162f,-0.249f,0.9663f,-0.0652f,0.75f,0.5338f,0.0807f,-0.8418f,1.2253f,0f,0f,0f,1f],start_interpolation: 0,interpolation_duration: 1}
$data merge entity $(bone_head) {transformation: [-0.9226f,-0.3011f,-0.241f,0f,-0.2517f,0.9436f,-0.2151f,1.5f,0.2922f,-0.1378f,-0.9464f,1.25f,0f,0f,0f,1f],start_interpolation: 0,interpolation_duration: 1}
$data merge entity $(bone_body) {transformation: [-0.9781f,0f,-0.2079f,0f,0f,1f,0f,1.125f,0.2079f,0f,-0.9781f,1.25f,0f,0f,0f,1f],start_interpolation: 0,interpolation_duration: 1}
data modify entity @s data merge value {"cameras":{},"locators":{"locator":{"posx":-0.3440868147452435,"posy":0.500543678668923,"posz":2.703529418038636,"roty":3.5482014306201393,"rotx":13.353415641022533},"locator2":{"posx":0.5405717030307337,"posy":0.4905870822825332,"posz":1.6497998009085926,"roty":42.857829101362796,"rotx":6.35651845320424},"locator3":{"posx":-1.5308084989341928e-16,"posy":2.25,"posz":1.250000000000001,"roty":348,"rotx":0}}}