# This file was generated by Animated Java via MC-Build. It is not recommended to edit this file directly.
$data merge entity $(bone_sword) {transformation: [-0.7981f,-0.1256f,0.7373f,-0.3898f,0.0708f,1.0607f,0.2574f,0.7568f,-0.7446f,0.2356f,-0.7658f,0.4591f,0f,0f,0f,1f],start_interpolation: 0,interpolation_duration: 1}
$data merge entity $(bone_right_arm) {transformation: [-0.7297f,0.0872f,0.6782f,-0.2855f,0.0648f,0.9962f,-0.0585f,1.375f,-0.6807f,0.0013f,-0.7325f,0.4979f,0f,0f,0f,1f],start_interpolation: 0,interpolation_duration: 1}
$data merge entity $(bone_gun) {transformation: [-0.0265f,0.37f,0.9286f,-0.1765f,-0.2448f,0.8983f,-0.3649f,0.7438f,-0.9692f,-0.237f,0.0668f,1.0321f,0f,0f,0f,1f],start_interpolation: 0,interpolation_duration: 1}
$data merge entity $(bone_left_arm) {transformation: [-0.0265f,0.37f,0.9286f,0.1547f,-0.2448f,0.8983f,-0.3649f,1.25f,-0.9692f,-0.237f,0.0668f,0.8307f,0f,0f,0f,1f],start_interpolation: 0,interpolation_duration: 1}
$data merge entity $(bone_right_leg) {transformation: [-0.5897f,0.0304f,0.807f,-0.1085f,0.0478f,0.9989f,-0.0027f,0.75f,-0.8062f,0.0369f,-0.5905f,0.5767f,0f,0f,0f,1f],start_interpolation: 0,interpolation_duration: 1}
$data merge entity $(bone_left_leg) {transformation: [-0.9663f,-0.1698f,0.1934f,0.1085f,-0.1934f,0.9749f,-0.11f,0.75f,-0.1699f,-0.1437f,-0.9749f,0.6733f,0f,0f,0f,1f],start_interpolation: 0,interpolation_duration: 1}
$data merge entity $(bone_head) {transformation: [-0.9822f,-0.1305f,-0.1348f,0f,-0.1073f,0.9801f,-0.1673f,1.5f,0.154f,-0.1499f,-0.9766f,0.625f,0f,0f,0f,1f],start_interpolation: 0,interpolation_duration: 1}
$data merge entity $(bone_body) {transformation: [-0.9135f,0f,0.4067f,0f,0f,1f,0f,1.125f,-0.4067f,0f,-0.9135f,0.625f,0f,0f,0f,1f],start_interpolation: 0,interpolation_duration: 1}
data modify entity @s data merge value {"cameras":{},"locators":{"locator":{"posx":-1.2113996555493802,"posy":0.46995256800291485,"posz":1.3124302553634413,"roty":43.91409569040215,"rotx":13.612776973653713},"locator2":{"posx":-0.34152937926100174,"posy":0.547725847293537,"posz":1.0861483768096016,"roty":94.11602364192595,"rotx":-21.40116546726325},"locator3":{"posx":-7.654042494670963e-17,"posy":2.25,"posz":0.6250000000000004,"roty":23.999999999999943,"rotx":0}}}