# This file was generated by Animated Java via MC-Build. It is not recommended to edit this file directly.
$data merge entity $(bone_sword) {transformation: [-0.2455f,-0.0156f,1.0657f,-0.4285f,1.0422f,0.2256f,0.2433f,1.0638f,-0.2233f,1.0701f,-0.0358f,-0.6028f,0f,0f,0f,1f],start_interpolation: 0,interpolation_duration: 1}
$data merge entity $(bone_right_arm) {transformation: [-0.2244f,0.0891f,0.9704f,-0.3284f,0.9529f,0.2287f,0.1994f,1.1534f,-0.2041f,0.9694f,-0.1363f,0.0116f,0f,0f,0f,1f],start_interpolation: 0,interpolation_duration: 1}
$data merge entity $(bone_gun) {transformation: [0.0878f,0.9627f,0.2559f,-0.5162f,0.3277f,0.2147f,-0.9201f,0.9089f,-0.9407f,0.1646f,-0.2967f,0.2535f,0f,0f,0f,1f],start_interpolation: 0,interpolation_duration: 1}
$data merge entity $(bone_left_arm) {transformation: [0.0878f,0.9627f,0.2559f,0.119f,0.3277f,0.2147f,-0.9201f,0.9629f,-0.9407f,0.1646f,-0.2967f,0.2652f,0f,0f,0f,1f],start_interpolation: 0,interpolation_duration: 1}
$data merge entity $(bone_right_leg) {transformation: [-0.7822f,0.3402f,0.522f,-0.1622f,0.3217f,0.938f,-0.1291f,0.6788f,-0.5336f,0.0669f,-0.8431f,-0.0467f,0f,0f,0f,1f],start_interpolation: 0,interpolation_duration: 1}
$data merge entity $(bone_left_leg) {transformation: [-0.9615f,-0.2481f,0.1183f,0.0946f,-0.1668f,0.8688f,0.4663f,0.5924f,-0.2185f,0.4286f,-0.8767f,0.1008f,0f,0f,0f,1f],start_interpolation: 0,interpolation_duration: 1}
$data merge entity $(bone_head) {transformation: [-0.9934f,-0.1144f,-0.0031f,-0.042f,-0.1121f,0.9676f,0.2264f,1.2676f,-0.0229f,0.2253f,-0.974f,0.1466f,0f,0f,0f,1f],start_interpolation: 0,interpolation_duration: 1}
$data merge entity $(bone_body) {transformation: [-0.9613f,-0.1121f,0.2518f,0f,0f,0.9135f,0.4067f,0.925f,-0.2756f,0.391f,-0.8782f,0f,0f,0f,0f,1f],start_interpolation: 0,interpolation_duration: 1}
data modify entity @s data merge value {"cameras":{},"locators":{"locator":{"posx":-1.6160223142061099,"posy":0.7926508847011096,"posz":-0.5629345022797164,"roty":88.07845732183542,"rotx":12.854494801876974},"locator2":{"posx":-0.7768292653647616,"posy":0.9271127449878097,"posz":0.23556253571114907,"roty":40.78125437596492,"rotx":-66.934280238823},"locator3":{"posx":-0.1261257894127082,"posy":1.952738639847926,"posz":0.43985289973871516,"roty":16,"rotx":24.000000000000004}}}