# This file was generated by Animated Java via MC-Build. It is not recommended to edit this file directly.
$data merge entity $(bone_sword) {transformation: [-0.1589f,-0.1888f,1.0655f,-0.0879f,0.3515f,1.0096f,0.2313f,0.8116f,-1.0235f,0.3761f,-0.086f,-0.5416f,0f,0f,0f,1f],start_interpolation: 0,interpolation_duration: 1}
$data merge entity $(bone_right_arm) {transformation: [-0.1453f,-0.1726f,0.9742f,-0.1562f,0.3214f,0.923f,0.2115f,1.375f,-0.9357f,0.3438f,-0.0787f,-0.2706f,0f,0f,0f,1f],start_interpolation: 0,interpolation_duration: 1}
$data merge entity $(bone_gun) {transformation: [0.6905f,0.6127f,0.3844f,-0.5368f,-0.0776f,0.5911f,-0.8029f,0.9732f,-0.7192f,0.5246f,0.4557f,-0.0766f,0f,0f,0f,1f],start_interpolation: 0,interpolation_duration: 1}
$data merge entity $(bone_left_arm) {transformation: [0.6905f,0.6127f,0.3844f,-0.0686f,-0.0776f,0.5911f,-0.8029f,1.25f,-0.7192f,0.5246f,0.4557f,0.2561f,0f,0f,0f,1f],start_interpolation: 0,interpolation_duration: 1}
$data merge entity $(bone_right_leg) {transformation: [-0.1009f,-0.0704f,0.9924f,-0.0594f,0.173f,0.9811f,0.0872f,0.75f,-0.9797f,0.1805f,-0.0868f,-0.1028f,0f,0f,0f,1f],start_interpolation: 0,interpolation_duration: 1}
$data merge entity $(bone_left_leg) {transformation: [-0.5945f,0.0616f,0.8017f,0.0594f,-0.13f,0.9766f,-0.1714f,0.75f,-0.7935f,-0.2062f,-0.5726f,0.1028f,0f,0f,0f,1f],start_interpolation: 0,interpolation_duration: 1}
$data merge entity $(bone_head) {transformation: [-1f,0f,0f,0f,0f,1f,0f,1.5f,0f,0f,-1f,0f,0f,0f,0f,1f],start_interpolation: 0,interpolation_duration: 1}
$data merge entity $(bone_body) {transformation: [-0.5f,0f,0.866f,0f,0f,1f,0f,1.125f,-0.866f,0f,-0.5f,0f,0f,0f,0f,1f],start_interpolation: 0,interpolation_duration: 1}
data modify entity @s data merge value {"cameras":{},"locators":{"locator":{"posx":-1.2752249626168586,"posy":0.5538544394269445,"posz":-0.445693646403594,"roty":85.38408107721222,"rotx":12.208550001272062},"locator2":{"posx":-0.7200080598261452,"posy":0.8881919196684661,"posz":-0.2433587028271375,"roty":139.85163300277452,"rotx":-53.40527246083373},"locator3":{"posx":0,"posy":2.25,"posz":0,"roty":60,"rotx":0}}}
execute on vehicle unless entity @s[tag=aj.transforms_only] at @s run function animated_java:gustave/animations/attack/zzz/frames/40_root_commands