# This file was generated by Animated Java via MC-Build. It is not recommended to edit this file directly.
$data merge entity $(bone_sword) {transformation: [-0.0822f,0.11f,1.0851f,-0.5016f,1.0882f,0.0817f,0.0741f,1.1f,-0.0736f,1.0851f,-0.1156f,-0.5054f,0f,0f,0f,1f],start_interpolation: 0,interpolation_duration: 1}
$data merge entity $(bone_right_arm) {transformation: [-0.0752f,0.2311f,0.97f,-0.3222f,0.9949f,0.083f,0.0573f,1.0915f,-0.0673f,0.9694f,-0.2361f,0.0973f,0f,0f,0f,1f],start_interpolation: 0,interpolation_duration: 1}
$data merge entity $(bone_gun) {transformation: [-0.0717f,0.994f,0.0825f,-0.4586f,0.429f,0.1054f,-0.8971f,0.8949f,-0.9004f,-0.0289f,-0.434f,0.3622f,0f,0f,0f,1f],start_interpolation: 0,interpolation_duration: 1}
$data merge entity $(bone_left_arm) {transformation: [-0.0717f,0.994f,0.0825f,0.1672f,0.429f,0.1054f,-0.8971f,0.8895f,-0.9004f,-0.0289f,-0.434f,0.2404f,0f,0f,0f,1f],start_interpolation: 0,interpolation_duration: 1}
$data merge entity $(bone_right_leg) {transformation: [-0.8727f,0.3891f,0.2951f,-0.1818f,0.3511f,0.9199f,-0.1747f,0.6501f,-0.3394f,-0.0489f,-0.9394f,-0.0013f,0f,0f,0f,1f],start_interpolation: 0,interpolation_duration: 1}
$data merge entity $(bone_left_leg) {transformation: [-0.984f,-0.1657f,-0.0661f,0.1103f,-0.1717f,0.7784f,0.6038f,0.5335f,-0.0487f,0.6055f,-0.7944f,0.1015f,0f,0f,0f,1f],start_interpolation: 0,interpolation_duration: 1}
$data merge entity $(bone_head) {transformation: [-0.999f,-0.0451f,-0.0019f,-0.0163f,-0.0436f,0.9533f,0.2988f,1.1998f,-0.0116f,0.2986f,-0.9543f,0.1868f,0f,0f,0f,1f],start_interpolation: 0,interpolation_duration: 1}
$data merge entity $(bone_body) {transformation: [-0.9962f,-0.0436f,0.0755f,0f,0f,0.866f,0.5f,0.875f,-0.0872f,0.4981f,-0.8627f,0f,0f,0f,0f,1f],start_interpolation: 0,interpolation_duration: 1}
data modify entity @s data merge value {"cameras":{},"locators":{"locator":{"posx":-1.7107430731029933,"posy":1.017379315475159,"posz":-0.3765706479277906,"roty":83.9178896864865,"rotx":3.887022049840219},"locator2":{"posx":-0.7135618246240092,"posy":0.9386302194138083,"posz":0.4033247480657372,"roty":10.768156450626066,"rotx":-63.781318862291265},"locator3":{"posx":-0.049025105295557786,"posy":1.8492785792574935,"posz":0.5603595176766069,"roty":5,"rotx":30.000000000000004}}}
execute on vehicle unless entity @s[tag=aj.transforms_only] at @s run function animated_java:gustave/animations/attack/zzz/frames/5_root_commands