# This file was generated by Animated Java via MC-Build. It is not recommended to edit this file directly.
$data merge entity $(bone_sword) {transformation: [-0.1863f,-0.2013f,1.0588f,-0.3447f,1.0294f,0.285f,0.2353f,1.0313f,-0.3192f,1.0366f,0.141f,-0.0354f,0f,0f,0f,1f],start_interpolation: 0,interpolation_duration: 1}
$data merge entity $(bone_right_arm) {transformation: [-0.1703f,-0.0281f,0.985f,-0.3208f,0.9412f,0.2914f,0.1711f,1.1599f,-0.2918f,0.9562f,-0.0232f,0.5797f,0f,0f,0f,1f],start_interpolation: 0,interpolation_duration: 1}
$data merge entity $(bone_gun) {transformation: [0.2153f,0.9396f,0.2659f,-0.5444f,0.2622f,0.2067f,-0.9426f,0.9359f,-0.9407f,0.2727f,-0.2018f,0.8108f,0f,0f,0f,1f],start_interpolation: 0,interpolation_duration: 1}
$data merge entity $(bone_left_arm) {transformation: [0.2153f,0.9396f,0.2659f,0.0854f,0.2622f,0.2067f,-0.9426f,0.9783f,-0.9407f,0.2727f,-0.2018f,0.9003f,0f,0f,0f,1f],start_interpolation: 0,interpolation_duration: 1}
$data merge entity $(bone_right_leg) {transformation: [-0.699f,-0.1089f,0.7067f,-0.1156f,0.3002f,0.8523f,0.4283f,0.5726f,-0.649f,0.5116f,-0.5631f,0.4354f,0f,0f,0f,1f],start_interpolation: 0,interpolation_duration: 1}
$data merge entity $(bone_left_leg) {transformation: [-0.9303f,-0.2905f,0.2239f,0.1514f,-0.1626f,0.8738f,0.4583f,0.6313f,-0.3288f,0.3899f,-0.8601f,0.5739f,0f,0f,0f,1f],start_interpolation: 0,interpolation_duration: 1}
$data merge entity $(bone_head) {transformation: [-0.9852f,-0.1152f,0.1266f,-0.0508f,-0.0943f,0.9825f,0.1606f,1.2774f,-0.1429f,0.1463f,-0.9789f,0.7428f,0f,0f,0f,1f],start_interpolation: 0,interpolation_duration: 1}
$data merge entity $(bone_body) {transformation: [-0.9182f,-0.1355f,0.3722f,0f,0f,0.9397f,0.342f,0.925f,-0.3961f,0.314f,-0.8628f,0.625f,0f,0f,0f,1f],start_interpolation: 0,interpolation_duration: 1}
data modify entity @s data merge value {"cameras":{},"locators":{"locator":{"posx":-1.5244516259839043,"posy":0.7690678648772398,"posz":-0.1924587054831474,"roty":97.58298480862811,"rotx":12.424006432691131},"locator2":{"posx":-0.8000592259174275,"posy":0.9578395389250068,"posz":0.7583592109934837,"roty":52.799041180128015,"rotx":-70.49766002873997},"locator3":{"posx":-0.1524006656427485,"posy":1.982154198384147,"posz":0.9783044550390199,"roty":23.333333333333314,"rotx":20}}}