# This file was generated by Animated Java via MC-Build. It is not recommended to edit this file directly.
$data merge entity $(bone_sword) {transformation: [-0.1339f,-0.4441f,0.9905f,-0.1553f,0.9015f,0.5104f,0.3508f,0.9419f,-0.6047f,0.8594f,0.3036f,0.5215f,0f,0f,0f,1f],start_interpolation: 0,interpolation_duration: 1}
$data merge entity $(bone_right_arm) {transformation: [-0.1225f,-0.2317f,0.9651f,-0.2623f,0.8242f,0.5179f,0.2289f,1.2212f,-0.5529f,0.8235f,0.1275f,1.0747f,0f,0f,0f,1f],start_interpolation: 0,interpolation_duration: 1}
$data merge entity $(bone_gun) {transformation: [0.499f,0.8109f,0.3058f,-0.5685f,0.09f,0.3025f,-0.9489f,0.9746f,-0.8619f,0.501f,0.078f,1.261f,0f,0f,0f,1f],start_interpolation: 0,interpolation_duration: 1}
$data merge entity $(bone_left_arm) {transformation: [0.499f,0.8109f,0.3058f,0.0029f,0.09f,0.3025f,-0.9489f,1.0655f,-0.8619f,0.501f,0.078f,1.5288f,0f,0f,0f,1f],start_interpolation: 0,interpolation_duration: 1}
$data merge entity $(bone_right_leg) {transformation: [-0.428f,-0.1607f,0.8894f,-0.0921f,0.2402f,0.9284f,0.2834f,0.6057f,-0.8713f,0.335f,-0.3588f,1.0809f,0f,0f,0f,1f],start_interpolation: 0,interpolation_duration: 1}
$data merge entity $(bone_left_leg) {transformation: [-0.7977f,-0.2928f,0.5272f,0.1248f,-0.1486f,0.9427f,0.2987f,0.6672f,-0.5844f,0.16f,-0.7955f,1.2884f,0f,0f,0f,1f],start_interpolation: 0,interpolation_duration: 1}
$data merge entity $(bone_head) {transformation: [-0.9628f,-0.0826f,0.2572f,-0.0433f,-0.0788f,0.9966f,0.0249f,1.3443f,-0.2583f,0.0037f,-0.966f,1.2986f,0f,0f,0f,1f],start_interpolation: 0,interpolation_duration: 1}
$data merge entity $(bone_body) {transformation: [-0.747f,-0.1154f,0.6547f,0f,0f,0.9848f,0.1736f,0.975f,-0.6648f,0.1297f,-0.7357f,1.25f,0f,0f,0f,1f],start_interpolation: 0,interpolation_duration: 1}
data modify entity @s data merge value {"cameras":{},"locators":{"locator":{"posx":-1.2590280223571215,"posy":0.5509920413141249,"posz":0.1832310476644482,"roty":107.03871000462131,"rotx":18.705785463366002},"locator2":{"posx":-0.7951473789008533,"posy":0.9731078646925938,"posz":1.1296879297560516,"roty":104.31168853170175,"rotx":-71.6008700443252},"locator3":{"posx":-0.1298706644074163,"posy":2.082908722138734,"posz":1.3959344850790711,"roty":41.66666666666666,"rotx":10.000000000000009}}}