# This file was generated by Animated Java via MC-Build. It is not recommended to edit this file directly.
$data merge entity $(bone_sword) {transformation: [0.0607f,-0.5552f,0.9404f,0.0144f,0.7084f,0.7368f,0.3892f,0.8506f,-0.8311f,0.5875f,0.4005f,1.1728f,0f,0f,0f,1f],start_interpolation: 0,interpolation_duration: 1}
$data merge entity $(bone_right_arm) {transformation: [0.0555f,-0.3149f,0.9475f,-0.1563f,0.6477f,0.7336f,0.2058f,1.275f,-0.7599f,0.6023f,0.2447f,1.6044f,0f,0f,0f,1f],start_interpolation: 0,interpolation_duration: 1}
$data merge entity $(bone_gun) {transformation: [0.7277f,0.6539f,0.2071f,-0.5454f,-0.0816f,0.3823f,-0.9204f,1.0168f,-0.681f,0.6529f,0.3316f,1.7294f,0f,0f,0f,1f],start_interpolation: 0,interpolation_duration: 1}
$data merge entity $(bone_left_arm) {transformation: [0.7277f,0.6539f,0.2071f,-0.0686f,-0.0816f,0.3823f,-0.9204f,1.15f,-0.681f,0.6529f,0.3316f,2.1311f,0f,0f,0f,1f],start_interpolation: 0,interpolation_duration: 1}
$data merge entity $(bone_right_leg) {transformation: [-0.1009f,-0.1136f,0.9884f,-0.0906f,0.173f,0.9763f,0.1299f,0.65f,-0.9797f,0.1841f,-0.0789f,1.718f,0f,0f,0f,1f],start_interpolation: 0,interpolation_duration: 1}
$data merge entity $(bone_left_leg) {transformation: [-0.5945f,-0.1823f,0.7831f,0.0594f,-0.13f,0.9829f,0.1302f,0.7125f,-0.7935f,-0.0244f,-0.6081f,1.9778f,0f,0f,0f,1f],start_interpolation: 0,interpolation_duration: 1}
$data merge entity $(bone_head) {transformation: [-0.9272f,0.0326f,0.3732f,0f,0f,0.9962f,-0.0872f,1.4f,-0.3746f,-0.0808f,-0.9237f,1.875f,0f,0f,0f,1f],start_interpolation: 0,interpolation_duration: 1}
$data merge entity $(bone_body) {transformation: [-0.5f,0f,0.866f,0f,0f,1f,0f,1.025f,-0.866f,0f,-0.5f,1.875f,0f,0f,0f,1f],start_interpolation: 0,interpolation_duration: 1}
data modify entity @s data merge value {"cameras":{},"locators":{"locator":{"posx":-1.033456403882892,"posy":0.4168472512140784,"posz":0.7264928063999003,"roty":113.07024358541968,"rotx":20.847414627186378},"locator2":{"posx":-0.7250711262239818,"posy":0.9931220477065896,"posz":1.5402308336048447,"roty":148.01141068485555,"rotx":-66.98597842536772},"locator3":{"posx":-2.2962127484012875e-16,"posy":2.15,"posz":1.8750000000000002,"roty":60,"rotx":0}}}