# This file was generated by Animated Java via MC-Build. It is not recommended to edit this file directly.
$data merge entity $(bone_sword) {transformation: [0.204f,-0.6273f,0.8724f,0.1378f,0.5481f,0.8246f,0.4648f,0.8283f,-0.9243f,0.3505f,0.4682f,1.8754f,0f,0f,0f,1f],start_interpolation: 0,interpolation_duration: 1}
$data merge entity $(bone_right_arm) {transformation: [0.1865f,-0.3684f,0.9108f,-0.0756f,0.5011f,0.8331f,0.2343f,1.325f,-0.8451f,0.4126f,0.34f,2.1968f,0f,0f,0f,1f],start_interpolation: 0,interpolation_duration: 1}
$data merge entity $(bone_gun) {transformation: [0.8749f,0.4519f,0.174f,-0.4928f,-0.0805f,0.4901f,-0.8679f,0.9937f,-0.4776f,0.7454f,0.4652f,2.2404f,0f,0f,0f,1f],start_interpolation: 0,interpolation_duration: 1}
$data merge entity $(bone_left_arm) {transformation: [0.8749f,0.4519f,0.174f,-0.1366f,-0.0805f,0.4901f,-0.8679f,1.2f,-0.4776f,0.7454f,0.4652f,2.7273f,0f,0f,0f,1f],start_interpolation: 0,interpolation_duration: 1}
$data merge entity $(bone_right_leg) {transformation: [0.1731f,-0.1599f,0.9718f,-0.0438f,0.173f,0.9763f,0.1299f,0.7f,-0.9696f,0.1456f,0.1966f,2.3241f,0f,0f,0f,1f],start_interpolation: 0,interpolation_duration: 1}
$data merge entity $(bone_left_leg) {transformation: [-0.3528f,-0.1685f,0.9204f,0.0287f,-0.13f,0.9829f,0.1302f,0.7625f,-0.9266f,-0.0738f,-0.3687f,2.6152f,0f,0f,0f,1f],start_interpolation: 0,interpolation_duration: 1}
$data merge entity $(bone_head) {transformation: [-0.891f,0.0198f,0.4536f,0f,0f,0.999f,-0.0436f,1.45f,-0.454f,-0.0389f,-0.8902f,2.5f,0f,0f,0f,1f],start_interpolation: 0,interpolation_duration: 1}
$data merge entity $(bone_body) {transformation: [-0.2419f,0f,0.9703f,0f,0f,1f,0f,1.075f,-0.9703f,0f,-0.2419f,2.5f,0f,0f,0f,1f],start_interpolation: 0,interpolation_duration: 1}
data modify entity @s data merge value {"cameras":{},"locators":{"locator":{"posx":-0.8342750479649846,"posy":0.3104548528139439,"posz":1.3537686630864623,"roty":118.21930917901665,"rotx":25.1455753504807},"locator2":{"posx":-0.6193337086435358,"posy":0.938941920675971,"posz":2.0177307496499437,"roty":159.48780741118082,"rotx":-60.2206712163744},"locator3":{"posx":-3.061616997868383e-16,"posy":2.2,"posz":2.5,"roty":75.99999999999999,"rotx":0}}}