# This file was generated by Animated Java via MC-Build. It is not recommended to edit this file directly.
$data merge entity $(bone_sword) {transformation: [0f,0f,0f,-0.3846f,0f,0f,0f,0.8167f,0f,0f,0f,0.2695f,0f,0f,0f,1f],start_interpolation: 0,interpolation_duration: 1}
$data merge entity $(bone_right_arm) {transformation: [-0.9994f,0.0142f,0.0319f,-0.3123f,0f,0.9135f,-0.4067f,1.375f,-0.0349f,-0.4065f,-0.913f,-0.0109f,0f,0f,0f,1f],start_interpolation: 0,interpolation_duration: 1}
$data merge entity $(bone_gun) {transformation: [0f,0f,0f,0.38f,0f,0f,0f,0.7582f,0f,0f,0f,-0.1357f,0f,0f,0f,1f],start_interpolation: 0,interpolation_duration: 1}
$data merge entity $(bone_left_arm) {transformation: [-0.9994f,-0.0139f,0.032f,0.3123f,0f,0.9171f,0.3987f,1.375f,-0.0349f,0.3985f,-0.9165f,0.0109f,0f,0f,0f,1f],start_interpolation: 0,interpolation_duration: 1}
$data merge entity $(bone_right_leg) {transformation: [-0.9994f,-0.0142f,0.0319f,-0.1187f,0f,0.9135f,0.4067f,0.75f,-0.0349f,0.4065f,-0.913f,-0.0041f,0f,0f,0f,1f],start_interpolation: 0,interpolation_duration: 1}
$data merge entity $(bone_left_leg) {transformation: [-0.9994f,0.0142f,0.0319f,0.1187f,0f,0.9135f,-0.4067f,0.75f,-0.0349f,-0.4065f,-0.913f,0.0041f,0f,0f,0f,1f],start_interpolation: 0,interpolation_duration: 1}
$data merge entity $(bone_head) {transformation: [-0.9994f,-0.0014f,0.0349f,0f,0f,0.9992f,0.0393f,1.5f,-0.0349f,0.0392f,-0.9986f,0f,0f,0f,0f,1f],start_interpolation: 0,interpolation_duration: 1}
$data merge entity $(bone_body) {transformation: [-0.9994f,0f,0.0349f,0f,0f,1f,0f,1.125f,-0.0349f,0f,-0.9994f,0f,0f,0f,0f,1f],start_interpolation: 0,interpolation_duration: 1}
data modify entity @s data merge value {"cameras":{},"locators":{"locator":{"posx":-0.3846400849274952,"posy":0.8167495661723306,"posz":0.26951026430448527,"roty":2,"rotx":-24},"locator2":{"posx":0.37996861878349253,"posy":0.7582216699227026,"posz":-0.13573697660226247,"roty":2,"rotx":23.500000000000007},"locator3":{"posx":0,"posy":2.25,"posz":0,"roty":2,"rotx":0}}}