# This file was generated by Animated Java via MC-Build. It is not recommended to edit this file directly.
$data merge entity $(bone_sword) {transformation: [0f,0f,0f,-0.3871f,0f,0f,0f,0.8181f,0f,0f,0f,-0.2688f,0f,0f,0f,1f],start_interpolation: 0,interpolation_duration: 1}
$data merge entity $(bone_right_arm) {transformation: [-0.999f,0.0218f,-0.0378f,-0.3122f,0f,0.866f,0.5f,1.375f,0.0436f,0.4995f,-0.8652f,0.0136f,0f,0f,0f,1f],start_interpolation: 0,interpolation_duration: 1}
$data merge entity $(bone_gun) {transformation: [0f,0f,0f,0.3924f,0f,0f,0f,0.8884f,0f,0f,0f,0.3905f,0f,0f,0f,1f],start_interpolation: 0,interpolation_duration: 1}
$data merge entity $(bone_left_arm) {transformation: [-0.999f,-0.0218f,-0.0378f,0.3122f,0f,0.866f,-0.5f,1.375f,0.0436f,-0.4995f,-0.8652f,-0.0136f,0f,0f,0f,1f],start_interpolation: 0,interpolation_duration: 1}
$data merge entity $(bone_right_leg) {transformation: [-0.999f,-0.0218f,-0.0378f,-0.1186f,0f,0.866f,-0.5f,0.75f,0.0436f,-0.4995f,-0.8652f,0.0052f,0f,0f,0f,1f],start_interpolation: 0,interpolation_duration: 1}
$data merge entity $(bone_left_leg) {transformation: [-0.999f,0.0218f,-0.0378f,0.1186f,0f,0.866f,0.5f,0.75f,0.0436f,0.4995f,-0.8652f,-0.0052f,0f,0f,0f,1f],start_interpolation: 0,interpolation_duration: 1}
$data merge entity $(bone_head) {transformation: [-0.999f,0f,-0.0436f,0f,0f,1f,0f,1.5f,0.0436f,0f,-0.999f,0f,0f,0f,0f,1f],start_interpolation: 0,interpolation_duration: 1}
$data merge entity $(bone_body) {transformation: [-0.999f,0f,-0.0436f,0f,0f,1f,0f,1.125f,0.0436f,0f,-0.999f,0f,0f,0f,0f,1f],start_interpolation: 0,interpolation_duration: 1}
data modify entity @s data merge value {"cameras":{},"locators":{"locator":{"posx":-0.38709319695736594,"posy":0.8181030288847257,"posz":-0.2687972187342059,"roty":357.5,"rotx":29.999999999999993},"locator2":{"posx":0.39240592072638175,"posy":0.8884198481962163,"posz":0.390478598363323,"roty":357.5,"rotx":-29.999999999999993},"locator3":{"posx":0,"posy":2.25,"posz":0,"roty":357.5,"rotx":0}}}