# This file was generated by Animated Java via MC-Build. It is not recommended to edit this file directly.
$data merge entity $(bone_sword) {transformation: [0f,0f,0f,-0.3826f,0f,0f,0f,0.7913f,0f,0f,0f,-0.2124f,0f,0f,0f,1f],start_interpolation: 0,interpolation_duration: 1}
$data merge entity $(bone_right_arm) {transformation: [-0.9994f,0.0142f,-0.0319f,-0.3123f,0f,0.9135f,0.4067f,1.375f,0.0349f,0.4065f,-0.913f,0.0109f,0f,0f,0f,1f],start_interpolation: 0,interpolation_duration: 1}
$data merge entity $(bone_gun) {transformation: [0f,0f,0f,0.3873f,0f,0f,0f,0.8516f,0f,0f,0f,0.3454f,0f,0f,0f,1f],start_interpolation: 0,interpolation_duration: 1}
$data merge entity $(bone_left_arm) {transformation: [-0.9994f,-0.0145f,-0.0318f,0.3123f,0f,0.91f,-0.4147f,1.375f,0.0349f,-0.4144f,-0.9094f,-0.0109f,0f,0f,0f,1f],start_interpolation: 0,interpolation_duration: 1}
$data merge entity $(bone_right_leg) {transformation: [-0.9994f,-0.0142f,-0.0319f,-0.1187f,0f,0.9135f,-0.4067f,0.75f,0.0349f,-0.4065f,-0.913f,0.0041f,0f,0f,0f,1f],start_interpolation: 0,interpolation_duration: 1}
$data merge entity $(bone_left_leg) {transformation: [-0.9994f,0.0142f,-0.0319f,0.1187f,0f,0.9135f,0.4067f,0.75f,0.0349f,0.4065f,-0.913f,-0.0041f,0f,0f,0f,1f],start_interpolation: 0,interpolation_duration: 1}
$data merge entity $(bone_head) {transformation: [-0.9994f,0.0002f,-0.0349f,0f,0f,1f,0.0044f,1.5f,0.0349f,0.0044f,-0.9994f,0f,0f,0f,0f,1f],start_interpolation: 0,interpolation_duration: 1}
$data merge entity $(bone_body) {transformation: [-0.9994f,0f,-0.0349f,0f,0f,1f,0f,1.125f,0.0349f,0f,-0.9994f,0f,0f,0f,0f,1f],start_interpolation: 0,interpolation_duration: 1}
data modify entity @s data merge value {"cameras":{},"locators":{"locator":{"posx":-0.3826466655040894,"posy":0.7913186117744182,"posz":-0.2124262007967574,"roty":358,"rotx":23.99999999999999},"locator2":{"posx":0.38729042973005057,"posy":0.8516293281936052,"posz":0.34540620935752386,"roty":358,"rotx":-24.499999999999993},"locator3":{"posx":0,"posy":2.25,"posz":0,"roty":358,"rotx":0}}}