# This file was generated by Animated Java via MC-Build. It is not recommended to edit this file directly.
$data merge entity $(bone_sword) {transformation: [0f,0f,0f,-0.3767f,0f,0f,0f,0.7572f,0f,0f,0f,-0.0928f,0f,0f,0f,1f],start_interpolation: 0,interpolation_duration: 1}
$data merge entity $(bone_right_arm) {transformation: [-0.9998f,0.0036f,-0.0171f,-0.3125f,0f,0.9781f,0.2079f,1.375f,0.0175f,0.2079f,-0.978f,0.0055f,0f,0f,0f,1f],start_interpolation: 0,interpolation_duration: 1}
$data merge entity $(bone_gun) {transformation: [0f,0f,0f,0.3793f,0f,0f,0f,0.7928f,0f,0f,0f,0.2457f,0f,0f,0f,1f],start_interpolation: 0,interpolation_duration: 1}
$data merge entity $(bone_left_arm) {transformation: [-0.9998f,-0.0041f,-0.017f,0.3125f,0f,0.9724f,-0.2334f,1.375f,0.0175f,-0.2334f,-0.9722f,-0.0055f,0f,0f,0f,1f],start_interpolation: 0,interpolation_duration: 1}
$data merge entity $(bone_right_leg) {transformation: [-0.9998f,-0.0036f,-0.0171f,-0.1187f,0f,0.9781f,-0.2079f,0.75f,0.0175f,-0.2079f,-0.978f,0.0021f,0f,0f,0f,1f],start_interpolation: 0,interpolation_duration: 1}
$data merge entity $(bone_left_leg) {transformation: [-0.9998f,0.0036f,-0.0171f,0.1187f,0f,0.9781f,0.2079f,0.75f,0.0175f,0.2079f,-0.978f,-0.0021f,0f,0f,0f,1f],start_interpolation: 0,interpolation_duration: 1}
$data merge entity $(bone_head) {transformation: [-0.9998f,0.0002f,-0.0175f,0f,0f,0.9999f,0.0131f,1.5f,0.0175f,0.0131f,-0.9998f,0f,0f,0f,0f,1f],start_interpolation: 0,interpolation_duration: 1}
$data merge entity $(bone_body) {transformation: [-0.9998f,0f,-0.0175f,0f,0f,1f,0f,1.125f,0.0175f,0f,-0.9998f,0f,0f,0f,0f,1f],start_interpolation: 0,interpolation_duration: 1}
data modify entity @s data merge value {"cameras":{},"locators":{"locator":{"posx":-0.3766770575411194,"posy":0.7571579752795846,"posz":-0.09280598676177626,"roty":359,"rotx":11.999999999999995},"locator2":{"posx":0.37934538881837776,"posy":0.7927996378775813,"posz":0.24567458325406022,"roty":359,"rotx":-13.499999999999996},"locator3":{"posx":0,"posy":2.25,"posz":0,"roty":359,"rotx":0}}}