# This file was generated by Animated Java via MC-Build. It is not recommended to edit this file directly.
$data merge entity $(bone_sword) {transformation: [0f,0f,0f,-0.3777f,0f,0f,0f,0.7702f,0f,0f,0f,0.1539f,0f,0f,0f,1f],start_interpolation: 0,interpolation_duration: 1}
$data merge entity $(bone_right_arm) {transformation: [-0.9998f,0.0036f,0.0171f,-0.3125f,0f,0.9781f,-0.2079f,1.375f,-0.0175f,-0.2079f,-0.978f,-0.0055f,0f,0f,0f,1f],start_interpolation: 0,interpolation_duration: 1}
$data merge entity $(bone_gun) {transformation: [0f,0f,0f,0.3751f,0f,0f,0f,0.7405f,0f,0f,0f,0.0002f,0f,0f,0f,1f],start_interpolation: 0,interpolation_duration: 1}
$data merge entity $(bone_left_arm) {transformation: [-0.9998f,-0.0032f,0.0172f,0.3125f,0f,0.9833f,0.1822f,1.375f,-0.0175f,0.1822f,-0.9831f,0.0055f,0f,0f,0f,1f],start_interpolation: 0,interpolation_duration: 1}
$data merge entity $(bone_right_leg) {transformation: [-0.9998f,-0.0036f,0.0171f,-0.1187f,0f,0.9781f,0.2079f,0.75f,-0.0175f,0.2079f,-0.978f,-0.0021f,0f,0f,0f,1f],start_interpolation: 0,interpolation_duration: 1}
$data merge entity $(bone_left_leg) {transformation: [-0.9998f,0.0036f,0.0171f,0.1187f,0f,0.9781f,-0.2079f,0.75f,-0.0175f,-0.2079f,-0.978f,0.0021f,0f,0f,0f,1f],start_interpolation: 0,interpolation_duration: 1}
$data merge entity $(bone_head) {transformation: [-0.9998f,-0.0005f,0.0174f,0f,0f,0.9995f,0.0305f,1.5f,-0.0175f,0.0305f,-0.9994f,0f,0f,0f,0f,1f],start_interpolation: 0,interpolation_duration: 1}
$data merge entity $(bone_body) {transformation: [-0.9998f,0f,0.0175f,0f,0f,1f,0f,1.125f,-0.0175f,0f,-0.9998f,0f,0f,0f,0f,1f],start_interpolation: 0,interpolation_duration: 1}
data modify entity @s data merge value {"cameras":{},"locators":{"locator":{"posx":-0.37774441299019196,"posy":0.7701575238031583,"posz":0.15395473948551708,"roty":1,"rotx":-11.999999999999995},"locator2":{"posx":0.37505376754683045,"posy":0.7405310716630515,"posz":0.00019223472664000322,"roty":1,"rotx":10.499999999999995},"locator3":{"posx":0,"posy":2.25,"posz":0,"roty":1,"rotx":0}}}