# This file was generated by Animated Java via MC-Build. It is not recommended to edit this file directly.
$data merge entity $(bone_sword) {transformation: [0f,0f,0f,-0.3807f,0f,0f,0f,0.7902f,0f,0f,0f,0.213f,0f,0f,0f,1f],start_interpolation: 0,interpolation_duration: 1}
$data merge entity $(bone_right_arm) {transformation: [-0.9997f,0.0081f,0.0249f,-0.3124f,0f,0.9511f,-0.309f,1.375f,-0.0262f,-0.3089f,-0.9507f,-0.0082f,0f,0f,0f,1f],start_interpolation: 0,interpolation_duration: 1}
$data merge entity $(bone_gun) {transformation: [0f,0f,0f,0.3769f,0f,0f,0f,0.7453f,0f,0f,0f,-0.0683f,0f,0f,0f,1f],start_interpolation: 0,interpolation_duration: 1}
$data merge entity $(bone_left_arm) {transformation: [-0.9997f,-0.0077f,0.025f,0.3124f,0f,0.9563f,0.2924f,1.375f,-0.0262f,0.2923f,-0.956f,0.0082f,0f,0f,0f,1f],start_interpolation: 0,interpolation_duration: 1}
$data merge entity $(bone_right_leg) {transformation: [-0.9997f,-0.0081f,0.0249f,-0.1187f,0f,0.9511f,0.309f,0.75f,-0.0262f,0.3089f,-0.9507f,-0.0031f,0f,0f,0f,1f],start_interpolation: 0,interpolation_duration: 1}
$data merge entity $(bone_left_leg) {transformation: [-0.9997f,0.0081f,0.0249f,0.1187f,0f,0.9511f,-0.309f,0.75f,-0.0262f,-0.3089f,-0.9507f,0.0031f,0f,0f,0f,1f],start_interpolation: 0,interpolation_duration: 1}
$data merge entity $(bone_head) {transformation: [-0.9997f,-0.0009f,0.0262f,0f,0f,0.9994f,0.0349f,1.5f,-0.0262f,0.0349f,-0.999f,0f,0f,0f,0f,1f],start_interpolation: 0,interpolation_duration: 1}
$data merge entity $(bone_body) {transformation: [-0.9997f,0f,0.0262f,0f,0f,1f,0f,1.125f,-0.0262f,0f,-0.9997f,0f,0f,0f,0f,1f],start_interpolation: 0,interpolation_duration: 1}
data modify entity @s data merge value {"cameras":{},"locators":{"locator":{"posx":-0.3807054938774091,"posy":0.7902502245343651,"posz":0.2129750018000533,"roty":1.5000000000000284,"rotx":-18.000000000000007},"locator2":{"posx":0.3769168711125743,"posy":0.7453287531417694,"posz":-0.06829333555337552,"roty":1.5000000000000284,"rotx":17},"locator3":{"posx":0,"posy":2.25,"posz":0,"roty":1.5000000000000284,"rotx":0}}}