# This file was generated by Animated Java via MC-Build. It is not recommended to edit this file directly.
$data merge entity $(bone_sword) {transformation: [0f,0f,0f,-0.3895f,0f,0f,0f,0.8494f,0f,0f,0f,0.3229f,0f,0f,0f,1f],start_interpolation: 0,interpolation_duration: 1}
$data merge entity $(bone_right_arm) {transformation: [-0.999f,0.0218f,0.0378f,-0.3122f,0f,0.866f,-0.5f,1.375f,-0.0436f,-0.4995f,-0.8652f,-0.0136f,0f,0f,0f,1f],start_interpolation: 0,interpolation_duration: 1}
$data merge entity $(bone_gun) {transformation: [0f,0f,0f,0.3841f,0f,0f,0f,0.779f,0f,0f,0f,-0.2012f,0f,0f,0f,1f],start_interpolation: 0,interpolation_duration: 1}
$data merge entity $(bone_left_arm) {transformation: [-0.999f,-0.0218f,0.0378f,0.3122f,0f,0.866f,0.5f,1.375f,-0.0436f,0.4995f,-0.8652f,0.0136f,0f,0f,0f,1f],start_interpolation: 0,interpolation_duration: 1}
$data merge entity $(bone_right_leg) {transformation: [-0.999f,-0.0218f,0.0378f,-0.1186f,0f,0.866f,0.5f,0.75f,-0.0436f,0.4995f,-0.8652f,-0.0052f,0f,0f,0f,1f],start_interpolation: 0,interpolation_duration: 1}
$data merge entity $(bone_left_leg) {transformation: [-0.999f,0.0218f,0.0378f,0.1186f,0f,0.866f,-0.5f,0.75f,-0.0436f,-0.4995f,-0.8652f,0.0052f,0f,0f,0f,1f],start_interpolation: 0,interpolation_duration: 1}
$data merge entity $(bone_head) {transformation: [-0.999f,-0.0019f,0.0436f,0f,0f,0.999f,0.0436f,1.5f,-0.0436f,0.0436f,-0.9981f,0f,0f,0f,0f,1f],start_interpolation: 0,interpolation_duration: 1}
$data merge entity $(bone_body) {transformation: [-0.999f,0f,0.0436f,0f,0f,1f,0f,1.125f,-0.0436f,0f,-0.999f,0f,0f,0f,0f,1f],start_interpolation: 0,interpolation_duration: 1}
data modify entity @s data merge value {"cameras":{},"locators":{"locator":{"posx":-0.38945508633236237,"posy":0.8493652163847258,"posz":0.3228933792304532,"roty":2.5,"rotx":-29.999999999999993},"locator2":{"posx":0.3841424716118149,"posy":0.7790440669462163,"posz":-0.20121449722189005,"roty":2.5,"rotx":29.999999999999993},"locator3":{"posx":0,"posy":2.25,"posz":0,"roty":2.5,"rotx":0}}}
execute on vehicle unless entity @s[tag=aj.transforms_only] at @s run function animated_java:gustave/animations/roam.walk/zzz/frames/20_root_commands