# This file was generated by Animated Java via MC-Build. It is not recommended to edit this file directly.
$data merge entity $(bone_sword) {transformation: [0f,0f,0f,-0.3758f,0f,0f,0f,0.7567f,0f,0f,0f,0.0931f,0f,0f,0f,1f],start_interpolation: 0,interpolation_duration: 1}
$data merge entity $(bone_right_arm) {transformation: [-1f,0.0009f,0.0087f,-0.3125f,0f,0.9945f,-0.1045f,1.375f,-0.0087f,-0.1045f,-0.9945f,-0.0027f,0f,0f,0f,1f],start_interpolation: 0,interpolation_duration: 1}
$data merge entity $(bone_gun) {transformation: [0f,0f,0f,0.3744f,0f,0f,0f,0.7439f,0f,0f,0f,0.0688f,0f,0f,0f,1f],start_interpolation: 0,interpolation_duration: 1}
$data merge entity $(bone_left_arm) {transformation: [-1f,-0.0006f,0.0087f,0.3125f,0f,0.9976f,0.0698f,1.375f,-0.0087f,0.0698f,-0.9975f,0.0027f,0f,0f,0f,1f],start_interpolation: 0,interpolation_duration: 1}
$data merge entity $(bone_right_leg) {transformation: [-1f,-0.0009f,0.0087f,-0.1187f,0f,0.9945f,0.1045f,0.75f,-0.0087f,0.1045f,-0.9945f,-0.001f,0f,0f,0f,1f],start_interpolation: 0,interpolation_duration: 1}
$data merge entity $(bone_left_leg) {transformation: [-1f,0.0009f,0.0087f,0.1187f,0f,0.9945f,-0.1045f,0.75f,-0.0087f,-0.1045f,-0.9945f,0.001f,0f,0f,0f,1f],start_interpolation: 0,interpolation_duration: 1}
$data merge entity $(bone_head) {transformation: [-1f,-0.0002f,0.0087f,0f,0f,0.9997f,0.0262f,1.5f,-0.0087f,0.0262f,-0.9996f,0f,0f,0f,0f,1f],start_interpolation: 0,interpolation_duration: 1}
$data merge entity $(bone_body) {transformation: [-1f,0f,0.0087f,0f,0f,1f,0f,1.125f,-0.0087f,0f,-1f,0f,0f,0f,0f,1f],start_interpolation: 0,interpolation_duration: 1}
data modify entity @s data merge value {"cameras":{},"locators":{"locator":{"posx":-0.3758271443438985,"posy":0.7566916038125894,"posz":0.09314509727166374,"roty":0.5,"rotx":-6},"locator2":{"posx":0.37441403379332344,"posy":0.7438903058644754,"posz":0.06878133320221728,"roty":0.5,"rotx":4},"locator3":{"posx":0,"posy":2.25,"posz":0,"roty":0.5,"rotx":0}}}