# This file was generated by Animated Java via MC-Build. It is not recommended to edit this file directly.
$data merge entity $(bone_sword) {transformation: [0f,0f,0f,-0.3753f,0f,0f,0f,0.7502f,0f,0f,0f,-0.031f,0f,0f,0f,1f],start_interpolation: 0,interpolation_duration: 1}
$data merge entity $(bone_right_arm) {transformation: [-1f,0.0009f,-0.0087f,-0.3125f,0f,0.9945f,0.1045f,1.375f,0.0087f,0.1045f,-0.9945f,0.0027f,0f,0f,0f,1f],start_interpolation: 0,interpolation_duration: 1}
$data merge entity $(bone_gun) {transformation: [0f,0f,0f,0.3767f,0f,0f,0f,0.7713f,0f,0f,0f,0.192f,0f,0f,0f,1f],start_interpolation: 0,interpolation_duration: 1}
$data merge entity $(bone_left_arm) {transformation: [-1f,-0.0012f,-0.0086f,0.3125f,0f,0.9903f,-0.1392f,1.375f,0.0087f,-0.1392f,-0.9902f,-0.0027f,0f,0f,0f,1f],start_interpolation: 0,interpolation_duration: 1}
$data merge entity $(bone_right_leg) {transformation: [-1f,-0.0009f,-0.0087f,-0.1187f,0f,0.9945f,-0.1045f,0.75f,0.0087f,-0.1045f,-0.9945f,0.001f,0f,0f,0f,1f],start_interpolation: 0,interpolation_duration: 1}
$data merge entity $(bone_left_leg) {transformation: [-1f,0.0009f,-0.0087f,0.1187f,0f,0.9945f,0.1045f,0.75f,0.0087f,0.1045f,-0.9945f,-0.001f,0f,0f,0f,1f],start_interpolation: 0,interpolation_duration: 1}
$data merge entity $(bone_head) {transformation: [-1f,0.0002f,-0.0087f,0f,0f,0.9998f,0.0175f,1.5f,0.0087f,0.0175f,-0.9998f,0f,0f,0f,0f,1f],start_interpolation: 0,interpolation_duration: 1}
$data merge entity $(bone_body) {transformation: [-1f,0f,-0.0087f,0f,0f,1f,0f,1.125f,0.0087f,0f,-1f,0f,0f,0f,0f,1f],start_interpolation: 0,interpolation_duration: 1}
data modify entity @s data merge value {"cameras":{},"locators":{"locator":{"posx":-0.3752845121358495,"posy":0.750156026977069,"posz":-0.030965605034637456,"roty":359.5,"rotx":5.999999999999998},"locator2":{"posx":0.37668996884940237,"posy":0.771302148012839,"posz":0.19201499265583913,"roty":359.5,"rotx":-7.9999999999999964},"locator3":{"posx":0,"posy":2.25,"posz":0,"roty":359.5,"rotx":0}}}