# This file was generated by Animated Java via MC-Build. It is not recommended to edit this file directly.
$data merge entity $(bone_sword) {transformation: [0f,0f,0f,-0.3791f,0f,0f,0f,0.7709f,0f,0f,0f,-0.1535f,0f,0f,0f,1f],start_interpolation: 0,interpolation_duration: 1}
$data merge entity $(bone_right_arm) {transformation: [-0.9997f,0.0081f,-0.0249f,-0.3124f,0f,0.9511f,0.309f,1.375f,0.0262f,0.3089f,-0.9507f,0.0082f,0f,0f,0f,1f],start_interpolation: 0,interpolation_duration: 1}
$data merge entity $(bone_gun) {transformation: [0f,0f,0f,0.3829f,0f,0f,0f,0.8197f,0f,0f,0f,0.297f,0f,0f,0f,1f],start_interpolation: 0,interpolation_duration: 1}
$data merge entity $(bone_left_arm) {transformation: [-0.9997f,-0.0085f,-0.0248f,0.3124f,0f,0.9455f,-0.3256f,1.375f,0.0262f,-0.3255f,-0.9452f,-0.0082f,0f,0f,0f,1f],start_interpolation: 0,interpolation_duration: 1}
$data merge entity $(bone_right_leg) {transformation: [-0.9997f,-0.0081f,-0.0249f,-0.1187f,0f,0.9511f,-0.309f,0.75f,0.0262f,-0.3089f,-0.9507f,0.0031f,0f,0f,0f,1f],start_interpolation: 0,interpolation_duration: 1}
$data merge entity $(bone_left_leg) {transformation: [-0.9997f,0.0081f,-0.0249f,0.1187f,0f,0.9511f,0.309f,0.75f,0.0262f,0.3089f,-0.9507f,-0.0031f,0f,0f,0f,1f],start_interpolation: 0,interpolation_duration: 1}
$data merge entity $(bone_head) {transformation: [-0.9997f,0.0002f,-0.0262f,0f,0f,1f,0.0087f,1.5f,0.0262f,0.0087f,-0.9996f,0f,0f,0f,0f,1f],start_interpolation: 0,interpolation_duration: 1}
$data merge entity $(bone_body) {transformation: [-0.9997f,0f,-0.0262f,0f,0f,1f,0f,1.125f,0.0262f,0f,-0.9997f,0f,0f,0f,0f,1f],start_interpolation: 0,interpolation_duration: 1}
data modify entity @s data merge value {"cameras":{},"locators":{"locator":{"posx":-0.379148902214268,"posy":0.7709291300966931,"posz":-0.1535311644301004,"roty":358.5,"rotx":18.000000000000007},"locator2":{"posx":0.38290514322927505,"posy":0.8196577976978603,"posz":0.29697622154151576,"roty":358.5,"rotx":-18.999999999999996},"locator3":{"posx":0,"posy":2.25,"posz":0,"roty":358.5,"rotx":0}}}