# This file was generated by Animated Java via MC-Build. It is not recommended to edit this file directly.
$data merge entity $(bone_sword) {transformation: [0f,0f,0f,-0.4247f,0f,0f,0f,0.7568f,0f,0f,0f,0.0146f,0f,0f,0f,1f],start_interpolation: 0,interpolation_duration: 1}
$data merge entity $(bone_right_arm) {transformation: [-0.9961f,0.0784f,0.0393f,-0.3123f,0.0785f,0.9969f,0f,1.375f,-0.0391f,0.0031f,-0.9992f,-0.0123f,0f,0f,0f,1f],start_interpolation: 0,interpolation_duration: 1}
$data merge entity $(bone_gun) {transformation: [0f,0f,0f,0.4219f,0f,0f,0f,0.7573f,0f,0f,0f,0.126f,0f,0f,0f,1f],start_interpolation: 0,interpolation_duration: 1}
$data merge entity $(bone_left_arm) {transformation: [-0.9958f,-0.0827f,0.0393f,0.3123f,-0.0828f,0.9966f,0f,1.375f,-0.0391f,-0.0033f,-0.9992f,0.0123f,0f,0f,0f,1f],start_interpolation: 0,interpolation_duration: 1}
$data merge entity $(bone_right_leg) {transformation: [-0.9969f,0f,0.0785f,-0.1187f,0f,1f,0f,0.75f,-0.0785f,0f,-0.9969f,-0.0047f,0f,0f,0f,1f],start_interpolation: 0,interpolation_duration: 1}
$data merge entity $(bone_left_leg) {transformation: [-1f,0f,0.0044f,0.1187f,0f,1f,0f,0.75f,-0.0044f,0f,-1f,0.0047f,0f,0f,0f,1f],start_interpolation: 0,interpolation_duration: 1}
$data merge entity $(bone_head) {transformation: [-1f,0f,0f,0f,0f,1f,0f,1.5f,0f,0f,-1f,0f,0f,0f,0f,1f],start_interpolation: 0,interpolation_duration: 1}
$data merge entity $(bone_body) {transformation: [-0.9992f,0f,0.0393f,0f,0f,1f,0f,1.125f,-0.0393f,0f,-0.9992f,0f,0f,0f,0f,1f],start_interpolation: 0,interpolation_duration: 1}
data modify entity @s data merge value {"cameras":{},"locators":{"locator":{"posx":-0.4247448473393486,"posy":0.7568303598997854,"posz":0.014598037606794803,"roty":2.25,"rotx":0},"locator2":{"posx":0.4219177601947606,"posy":0.7573195824946557,"posz":0.12603736502147156,"roty":2.25,"rotx":2.4848083448933725e-17},"locator3":{"posx":0,"posy":2.25,"posz":0,"roty":2.25,"rotx":0}}}