# This file was generated by Animated Java via MC-Build. It is not recommended to edit this file directly.
$data merge entity $(bone_sword) {transformation: [0f,0f,0f,-0.3862f,0f,0f,0f,0.7512f,0f,0f,0f,0.0279f,0f,0f,0f,1f],start_interpolation: 0,interpolation_duration: 1}
$data merge entity $(bone_right_arm) {transformation: [-0.9998f,0.0175f,0.0087f,-0.3125f,0.0175f,0.9998f,0f,1.375f,-0.0087f,0.0002f,-1f,-0.0027f,0f,0f,0f,1f],start_interpolation: 0,interpolation_duration: 1}
$data merge entity $(bone_gun) {transformation: [0f,0f,0f,0.4067f,0f,0f,0f,0.7541f,0f,0f,0f,0.1129f,0f,0f,0f,1f],start_interpolation: 0,interpolation_duration: 1}
$data merge entity $(bone_left_arm) {transformation: [-0.9986f,-0.0523f,0.0087f,0.3125f,-0.0523f,0.9986f,0f,1.375f,-0.0087f,-0.0005f,-1f,0.0027f,0f,0f,0f,1f],start_interpolation: 0,interpolation_duration: 1}
$data merge entity $(bone_right_leg) {transformation: [-0.9998f,0f,0.0175f,-0.1187f,0f,1f,0f,0.75f,-0.0175f,0f,-0.9998f,-0.001f,0f,0f,0f,1f],start_interpolation: 0,interpolation_duration: 1}
$data merge entity $(bone_left_leg) {transformation: [-0.9994f,0f,0.0349f,0.1187f,0f,1f,0f,0.75f,-0.0349f,0f,-0.9994f,0.001f,0f,0f,0f,1f],start_interpolation: 0,interpolation_duration: 1}
$data merge entity $(bone_head) {transformation: [-1f,0f,0f,0f,0f,1f,0f,1.5f,0f,0f,-1f,0f,0f,0f,0f,1f],start_interpolation: 0,interpolation_duration: 1}
$data merge entity $(bone_body) {transformation: [-1f,0f,0.0087f,0f,0f,1f,0f,1.125f,-0.0087f,0f,-1f,0f,0f,0f,0f,1f],start_interpolation: 0,interpolation_duration: 1}
data modify entity @s data merge value {"cameras":{},"locators":{"locator":{"posx":-0.3861563517372228,"posy":0.7511859659295858,"posz":0.027893442485462067,"roty":0.5,"rotx":0},"locator2":{"posx":0.4066544566861483,"posy":0.7541250414697385,"posz":0.11292876578321162,"roty":0.5,"rotx":0},"locator3":{"posx":0,"posy":2.25,"posz":0,"roty":0.5,"rotx":0}}}