# This file was generated by Animated Java via MC-Build. It is not recommended to edit this file directly.
$data merge entity $(bone_sword) {transformation: [0f,0f,0f,-0.4028f,0f,0f,0f,0.7533f,0f,0f,0f,0.0225f,0f,0f,0f,1f],start_interpolation: 0,interpolation_duration: 1}
$data merge entity $(bone_right_arm) {transformation: [-0.9988f,0.0436f,0.0218f,-0.3124f,0.0436f,0.999f,0f,1.375f,-0.0218f,0.001f,-0.9998f,-0.0068f,0f,0f,0f,1f],start_interpolation: 0,interpolation_duration: 1}
$data merge entity $(bone_gun) {transformation: [0f,0f,0f,0.4133f,0f,0f,0f,0.7554f,0f,0f,0f,0.1184f,0f,0f,0f,1f],start_interpolation: 0,interpolation_duration: 1}
$data merge entity $(bone_left_arm) {transformation: [-0.9976f,-0.0654f,0.0218f,0.3124f,-0.0654f,0.9979f,0f,1.375f,-0.0218f,-0.0014f,-0.9998f,0.0068f,0f,0f,0f,1f],start_interpolation: 0,interpolation_duration: 1}
$data merge entity $(bone_right_leg) {transformation: [-0.999f,0f,0.0436f,-0.1187f,0f,1f,0f,0.75f,-0.0436f,0f,-0.999f,-0.0026f,0f,0f,0f,1f],start_interpolation: 0,interpolation_duration: 1}
$data merge entity $(bone_left_leg) {transformation: [-0.9998f,0f,0.0218f,0.1187f,0f,1f,0f,0.75f,-0.0218f,0f,-0.9998f,0.0026f,0f,0f,0f,1f],start_interpolation: 0,interpolation_duration: 1}
$data merge entity $(bone_body) {transformation: [-0.9998f,0f,0.0218f,0f,0f,1f,0f,1.125f,-0.0218f,0f,-0.9998f,0f,0f,0f,0f,1f],start_interpolation: 0,interpolation_duration: 1}
data modify entity @s data merge value {"cameras":{},"locators":{"locator":{"posx":-0.40278889864388656,"posy":0.7533210732216724,"posz":0.02248074379113187,"roty":1.25,"rotx":0},"locator2":{"posx":0.4132583462379609,"posy":0.7554233739054487,"posz":0.11841914511251111,"roty":1.25,"rotx":6.212020862233431e-18},"locator3":{"posx":0,"posy":2.25,"posz":0,"roty":1.25,"rotx":0}}}