# This file was generated by Animated Java via MC-Build. It is not recommended to edit this file directly.
$data merge entity $(bone_sword) {transformation: [0f,0f,0f,-0.4083f,0f,0f,0f,0.7541f,0f,0f,0f,0.0206f,0f,0f,0f,1f],start_interpolation: 0,interpolation_duration: 1}
$data merge entity $(bone_right_arm) {transformation: [-0.9983f,0.0523f,0.0262f,-0.3124f,0.0523f,0.9986f,0f,1.375f,-0.0261f,0.0014f,-0.9997f,-0.0082f,0f,0f,0f,1f],start_interpolation: 0,interpolation_duration: 1}
$data merge entity $(bone_gun) {transformation: [0f,0f,0f,0.4154f,0f,0f,0f,0.7559f,0f,0f,0f,0.1203f,0f,0f,0f,1f],start_interpolation: 0,interpolation_duration: 1}
$data merge entity $(bone_left_arm) {transformation: [-0.9972f,-0.0697f,0.0262f,0.3124f,-0.0698f,0.9976f,0f,1.375f,-0.0261f,-0.0018f,-0.9997f,0.0082f,0f,0f,0f,1f],start_interpolation: 0,interpolation_duration: 1}
$data merge entity $(bone_right_leg) {transformation: [-0.9986f,0f,0.0523f,-0.1187f,0f,1f,0f,0.75f,-0.0523f,0f,-0.9986f,-0.0031f,0f,0f,0f,1f],start_interpolation: 0,interpolation_duration: 1}
$data merge entity $(bone_left_leg) {transformation: [-0.9998f,0f,0.0175f,0.1187f,0f,1f,0f,0.75f,-0.0175f,0f,-0.9998f,0.0031f,0f,0f,0f,1f],start_interpolation: 0,interpolation_duration: 1}
$data merge entity $(bone_head) {transformation: [-1f,0f,0f,0f,0f,1f,0f,1.5f,0f,0f,-1f,0f,0f,0f,0f,1f],start_interpolation: 0,interpolation_duration: 1}
$data merge entity $(bone_body) {transformation: [-0.9997f,0f,0.0262f,0f,0f,1f,0f,1.125f,-0.0262f,0f,-0.9997f,0f,0f,0f,0f,1f],start_interpolation: 0,interpolation_duration: 1}
data modify entity @s data merge value {"cameras":{},"locators":{"locator":{"posx":-0.4083029845668485,"posy":0.7541275380435754,"posz":0.020581114012790617,"roty":1.5000000000000284,"rotx":1.8636062586700294e-17},"locator2":{"posx":0.4154392085520169,"posy":0.755879754286492,"posz":0.12029193297840356,"roty":1.5000000000000284,"rotx":0},"locator3":{"posx":0,"posy":2.25,"posz":0,"roty":1.5000000000000284,"rotx":0}}}