# This file was generated by Animated Java via MC-Build. It is not recommended to edit this file directly.
$data merge entity $(bone_sword) {transformation: [0f,0f,0f,-0.4138f,0f,0f,0f,0.755f,0f,0f,0f,0.0186f,0f,0f,0f,1f],start_interpolation: 0,interpolation_duration: 1}
$data merge entity $(bone_right_arm) {transformation: [-0.9977f,0.061f,0.0305f,-0.3124f,0.061f,0.9981f,0f,1.375f,-0.0305f,0.0019f,-0.9995f,-0.0095f,0f,0f,0f,1f],start_interpolation: 0,interpolation_duration: 1}
$data merge entity $(bone_gun) {transformation: [0f,0f,0f,0.4176f,0f,0f,0f,0.7564f,0f,0f,0f,0.1222f,0f,0f,0f,1f],start_interpolation: 0,interpolation_duration: 1}
$data merge entity $(bone_left_arm) {transformation: [-0.9968f,-0.0741f,0.0305f,0.3124f,-0.0741f,0.9973f,0f,1.375f,-0.0305f,-0.0023f,-0.9995f,0.0095f,0f,0f,0f,1f],start_interpolation: 0,interpolation_duration: 1}
$data merge entity $(bone_right_leg) {transformation: [-0.9981f,0f,0.061f,-0.1187f,0f,1f,0f,0.75f,-0.061f,0f,-0.9981f,-0.0036f,0f,0f,0f,1f],start_interpolation: 0,interpolation_duration: 1}
$data merge entity $(bone_left_leg) {transformation: [-0.9999f,0f,0.0131f,0.1187f,0f,1f,0f,0.75f,-0.0131f,0f,-0.9999f,0.0036f,0f,0f,0f,1f],start_interpolation: 0,interpolation_duration: 1}
$data merge entity $(bone_body) {transformation: [-0.9995f,0f,0.0305f,0f,0f,1f,0f,1.125f,-0.0305f,0f,-0.9995f,0f,0f,0f,0f,1f],start_interpolation: 0,interpolation_duration: 1}
data modify entity @s data merge value {"cameras":{},"locators":{"locator":{"posx":-0.41380081777314776,"posy":0.7549812847072618,"posz":0.018634016836400598,"roty":1.75,"rotx":-6.212020862233431e-18},"locator2":{"posx":0.417609528058249,"posy":0.7563479218245712,"posz":0.12218594398305327,"roty":1.75,"rotx":0},"locator3":{"posx":0,"posy":2.25,"posz":0,"roty":1.75,"rotx":0}}}