# This file was generated by Animated Java via MC-Build. It is not recommended to edit this file directly.
$data merge entity $(bone_sword) {transformation: [0f,0f,0f,-0.4193f,0f,0f,0f,0.7559f,0f,0f,0f,0.0166f,0f,0f,0f,1f],start_interpolation: 0,interpolation_duration: 1}
$data merge entity $(bone_right_arm) {transformation: [-0.997f,0.0697f,0.0349f,-0.3123f,0.0698f,0.9976f,0f,1.375f,-0.0348f,0.0024f,-0.9994f,-0.0109f,0f,0f,0f,1f],start_interpolation: 0,interpolation_duration: 1}
$data merge entity $(bone_gun) {transformation: [0f,0f,0f,0.4198f,0f,0f,0f,0.7568f,0f,0f,0f,0.1241f,0f,0f,0f,1f],start_interpolation: 0,interpolation_duration: 1}
$data merge entity $(bone_left_arm) {transformation: [-0.9963f,-0.0784f,0.0349f,0.3123f,-0.0785f,0.9969f,0f,1.375f,-0.0348f,-0.0027f,-0.9994f,0.0109f,0f,0f,0f,1f],start_interpolation: 0,interpolation_duration: 1}
$data merge entity $(bone_right_leg) {transformation: [-0.9976f,0f,0.0698f,-0.1187f,0f,1f,0f,0.75f,-0.0698f,0f,-0.9976f,-0.0041f,0f,0f,0f,1f],start_interpolation: 0,interpolation_duration: 1}
$data merge entity $(bone_left_leg) {transformation: [-1f,0f,0.0087f,0.1187f,0f,1f,0f,0.75f,-0.0087f,0f,-1f,0.0041f,0f,0f,0f,1f],start_interpolation: 0,interpolation_duration: 1}
$data merge entity $(bone_head) {transformation: [-1f,0f,0f,0f,0f,1f,0f,1.5f,0f,0f,-1f,0f,0f,0f,0f,1f],start_interpolation: 0,interpolation_duration: 1}
$data merge entity $(bone_body) {transformation: [-0.9994f,0f,0.0349f,0f,0f,1f,0f,1.125f,-0.0349f,0f,-0.9994f,0f,0f,0f,0f,1f],start_interpolation: 0,interpolation_duration: 1}
data modify entity @s data merge value {"cameras":{},"locators":{"locator":{"posx":-0.4192816781183152,"posy":0.7558822481966176,"posz":0.01663960435447642,"roty":2,"rotx":6.212020862233431e-17},"locator2":{"posx":0.41976911002311573,"posy":0.756827867606451,"posz":0.12410111096476349,"roty":2,"rotx":-3.727212517340059e-17},"locator3":{"posx":0,"posy":2.25,"posz":0,"roty":2,"rotx":0}}}