# This file was generated by Animated Java via MC-Build. It is not recommended to edit this file directly.
$data merge entity $(bone_sword) {transformation: [0f,0f,0f,-0.4302f,0f,0f,0f,0.7578f,0f,0f,0f,0.0125f,0f,0f,0f,1f],start_interpolation: 0,interpolation_duration: 1}
$data merge entity $(bone_right_arm) {transformation: [-0.9952f,0.0871f,0.0436f,-0.3122f,0.0872f,0.9962f,0f,1.375f,-0.0435f,0.0038f,-0.999f,-0.0136f,0f,0f,0f,1f],start_interpolation: 0,interpolation_duration: 1}
$data merge entity $(bone_gun) {transformation: [0f,0f,0f,0.4241f,0f,0f,0f,0.7578f,0f,0f,0f,0.128f,0f,0f,0f,1f],start_interpolation: 0,interpolation_duration: 1}
$data merge entity $(bone_left_arm) {transformation: [-0.9952f,-0.0871f,0.0436f,0.3122f,-0.0872f,0.9962f,0f,1.375f,-0.0435f,-0.0038f,-0.999f,0.0136f,0f,0f,0f,1f],start_interpolation: 0,interpolation_duration: 1}
$data merge entity $(bone_right_leg) {transformation: [-0.9962f,0f,0.0872f,-0.1186f,0f,1f,0f,0.75f,-0.0872f,0f,-0.9962f,-0.0052f,0f,0f,0f,1f],start_interpolation: 0,interpolation_duration: 1}
$data merge entity $(bone_left_leg) {transformation: [-1f,0f,0f,0.1186f,0f,1f,0f,0.75f,0f,0f,-1f,0.0052f,0f,0f,0f,1f],start_interpolation: 0,interpolation_duration: 1}
$data merge entity $(bone_head) {transformation: [-1f,0f,0f,0f,0f,1f,0f,1.5f,0f,0f,-1f,0f,0f,0f,0f,1f],start_interpolation: 0,interpolation_duration: 1}
$data merge entity $(bone_body) {transformation: [-0.999f,0f,0.0436f,0f,0f,1f,0f,1.125f,-0.0436f,0f,-0.999f,0f,0f,0f,0f,1f],start_interpolation: 0,interpolation_duration: 1}
data modify entity @s data merge value {"cameras":{},"locators":{"locator":{"posx":-0.43018960917357907,"posy":0.7578255476143877,"posz":0.012509486556241373,"roty":2.5,"rotx":0},"locator2":{"posx":0.4240552848183733,"posy":0.7578230571276424,"posz":0.12799463551453127,"roty":2.5,"rotx":0},"locator3":{"posx":0,"posy":2.25,"posz":0,"roty":2.5,"rotx":0}}}
execute on vehicle unless entity @s[tag=aj.transforms_only] at @s run function animated_java:gustave/animations/roam.idle/zzz/frames/20_root_commands