# This file was generated by Animated Java via MC-Build. It is not recommended to edit this file directly.
$data merge entity $(bone_sword) {transformation: [0f,0f,0f,-0.3973f,0f,0f,0f,0.7526f,0f,0f,0f,0.0243f,0f,0f,0f,1f],start_interpolation: 0,interpolation_duration: 1}
$data merge entity $(bone_right_arm) {transformation: [-0.9992f,0.0349f,0.0175f,-0.3125f,0.0349f,0.9994f,0f,1.375f,-0.0174f,0.0006f,-0.9998f,-0.0055f,0f,0f,0f,1f],start_interpolation: 0,interpolation_duration: 1}
$data merge entity $(bone_gun) {transformation: [0f,0f,0f,0.4111f,0f,0f,0f,0.755f,0f,0f,0f,0.1166f,0f,0f,0f,1f],start_interpolation: 0,interpolation_duration: 1}
$data merge entity $(bone_left_arm) {transformation: [-0.998f,-0.061f,0.0175f,0.3125f,-0.061f,0.9981f,0f,1.375f,-0.0174f,-0.0011f,-0.9998f,0.0055f,0f,0f,0f,1f],start_interpolation: 0,interpolation_duration: 1}
$data merge entity $(bone_right_leg) {transformation: [-0.9994f,0f,0.0349f,-0.1187f,0f,1f,0f,0.75f,-0.0349f,0f,-0.9994f,-0.0021f,0f,0f,0f,1f],start_interpolation: 0,interpolation_duration: 1}
$data merge entity $(bone_left_leg) {transformation: [-0.9997f,0f,0.0262f,0.1187f,0f,1f,0f,0.75f,-0.0262f,0f,-0.9997f,0.0021f,0f,0f,0f,1f],start_interpolation: 0,interpolation_duration: 1}
$data merge entity $(bone_body) {transformation: [-0.9998f,0f,0.0175f,0f,0f,1f,0f,1.125f,-0.0175f,0f,-0.9998f,0f,0f,0f,0f,1f],start_interpolation: 0,interpolation_duration: 1}
data modify entity @s data merge value {"cameras":{},"locators":{"locator":{"posx":-0.3972592819110295,"posy":0.7525619516569715,"posz":0.02433276304877599,"roty":1,"rotx":-3.1060104311167156e-18},"locator2":{"posx":0.411067136315918,"posy":0.7549787893702657,"posz":0.11656764580305956,"roty":1,"rotx":0},"locator3":{"posx":0,"posy":2.25,"posz":0,"roty":1,"rotx":0}}}