# This file was generated by Animated Java via MC-Build. It is not recommended to edit this file directly.
$data merge entity $(bone_sword) {transformation: [0f,0f,0f,-0.3806f,0f,0f,0f,0.7506f,0f,0f,0f,0.0296f,0f,0f,0f,1f],start_interpolation: 0,interpolation_duration: 1}
$data merge entity $(bone_right_arm) {transformation: [-1f,0.0087f,0.0044f,-0.3125f,0.0087f,1f,0f,1.375f,-0.0044f,0f,-1f,-0.0014f,0f,0f,0f,1f],start_interpolation: 0,interpolation_duration: 1}
$data merge entity $(bone_gun) {transformation: [0f,0f,0f,0.4044f,0f,0f,0f,0.7537f,0f,0f,0f,0.1111f,0f,0f,0f,1f],start_interpolation: 0,interpolation_duration: 1}
$data merge entity $(bone_left_arm) {transformation: [-0.9988f,-0.048f,0.0044f,0.3125f,-0.048f,0.9988f,0f,1.375f,-0.0044f,-0.0002f,-1f,0.0014f,0f,0f,0f,1f],start_interpolation: 0,interpolation_duration: 1}
$data merge entity $(bone_right_leg) {transformation: [-1f,0f,0.0087f,-0.1187f,0f,1f,0f,0.75f,-0.0087f,0f,-1f,-0.0005f,0f,0f,0f,1f],start_interpolation: 0,interpolation_duration: 1}
$data merge entity $(bone_left_leg) {transformation: [-0.9992f,0f,0.0393f,0.1187f,0f,1f,0f,0.75f,-0.0393f,0f,-0.9992f,0.0005f,0f,0f,0f,1f],start_interpolation: 0,interpolation_duration: 1}
$data merge entity $(bone_head) {transformation: [-1f,0f,0f,0f,0f,1f,0f,1.5f,0f,0f,-1f,0f,0f,0f,0f,1f],start_interpolation: 0,interpolation_duration: 1}
$data merge entity $(bone_body) {transformation: [-1f,0f,0.0044f,0f,0f,1f,0f,1.125f,-0.0044f,0f,-1f,0f,0f,0f,0f,1f],start_interpolation: 0,interpolation_duration: 1}
data modify entity @s data merge value {"cameras":{},"locators":{"locator":{"posx":-0.3805844898449489,"posy":0.7505692065535413,"posz":0.029601861450214872,"roty":0.2500000000000284,"rotx":-1.9412565194479472e-19},"locator2":{"posx":0.40443337957065545,"posy":0.7537158943585236,"posz":0.11114150715718674,"roty":0.2500000000000284,"rotx":7.765026077791789e-19},"locator3":{"posx":0,"posy":2.25,"posz":0,"roty":0.2500000000000284,"rotx":0}}}