# This file was generated by Animated Java via MC-Build. It is not recommended to edit this file directly.
$data merge entity $(bone_sword) {transformation: [0f,0f,0f,-0.312f,0f,0f,0f,0.9048f,0f,0f,0f,0.5482f,0f,0f,0f,1f],start_interpolation: 0,interpolation_duration: 1}
$data merge entity $(bone_right_arm) {transformation: [-0.9932f,-0.097f,-0.0638f,-0.3125f,-0.0299f,0.7452f,-0.6662f,1.3516f,0.1122f,-0.6598f,-0.743f,0.1057f,0f,0f,0f,1f],start_interpolation: 0,interpolation_duration: 1}
$data merge entity $(bone_gun) {transformation: [0f,0f,0f,0.375f,0f,0f,0f,0.9101f,0f,0f,0f,-0.35f,0f,0f,0f,1f],start_interpolation: 0,interpolation_duration: 1}
$data merge entity $(bone_left_arm) {transformation: [-1f,0f,0f,0.3125f,0f,0.5616f,0.8274f,1.3516f,0f,0.8274f,-0.5616f,0.1057f,0f,0f,0f,1f],start_interpolation: 0,interpolation_duration: 1}
$data merge entity $(bone_right_leg) {transformation: [-1f,0f,0f,-0.1187f,0f,0.7071f,0.7071f,0.7675f,0f,0.7071f,-0.7071f,-0.1207f,0f,0f,0f,1f],start_interpolation: 0,interpolation_duration: 1}
$data merge entity $(bone_left_leg) {transformation: [-1f,0f,0f,0.1187f,0f,0.9793f,-0.2022f,0.6971f,0f,-0.2022f,-0.9793f,0.0303f,0f,0f,0f,1f],start_interpolation: 0,interpolation_duration: 1}
$data merge entity $(bone_head) {transformation: [-1f,0f,0f,0f,0f,0.9932f,0.1161f,1.4649f,0f,0.1161f,-0.9932f,0.1585f,0f,0f,0f,1f],start_interpolation: 0,interpolation_duration: 1}
$data merge entity $(bone_body) {transformation: [-1f,0f,0f,0f,0f,0.9063f,0.4226f,1.125f,0f,0.4226f,-0.9063f,0f,0f,0f,0f,1f],start_interpolation: 0,interpolation_duration: 1}
data modify entity @s data merge value {"cameras":{},"locators":{"locator":{"posx":-0.3119701403994729,"posy":0.9047963155617809,"posz":0.5482552446065451,"roty":355.08969500915885,"rotx":-41.77396352700961},"locator2":{"posx":0.37500000000000006,"posy":0.9100758907272964,"posz":-0.3500514846157815,"roty":0,"rotx":55.83333333333335},"locator3":{"posx":-5.822528641897116e-17,"posy":2.144596260416231,"posz":0.47544554445828685,"roty":0,"rotx":25}}}