# This file was generated by Animated Java via MC-Build. It is not recommended to edit this file directly.
$data merge entity $(bone_sword) {transformation: [0f,0f,0f,-0.312f,0f,0f,0f,0.9048f,0f,0f,0f,0.5482f,0f,0f,0f,1f],start_interpolation: 0,interpolation_duration: 1}
$data merge entity $(bone_right_arm) {transformation: [-0.9932f,-0.097f,-0.0638f,-0.3125f,-0.0299f,0.7452f,-0.6662f,1.3516f,0.1122f,-0.6598f,-0.743f,0.1057f,0f,0f,0f,1f],start_interpolation: 0,interpolation_duration: 1}
$data merge entity $(bone_gun) {transformation: [0f,0f,0f,0.4405f,0f,0f,0f,0.9127f,0f,0f,0f,-0.3387f,0f,0f,0f,1f],start_interpolation: 0,interpolation_duration: 1}
$data merge entity $(bone_left_arm) {transformation: [-0.9932f,-0.1113f,0.0333f,0.3125f,-0.0352f,0.561f,0.827f,1.3516f,-0.1107f,0.8203f,-0.5612f,0.1057f,0f,0f,0f,1f],start_interpolation: 0,interpolation_duration: 1}
$data merge entity $(bone_right_leg) {transformation: [-1f,0f,0f,-0.1187f,0f,0.7071f,0.7071f,0.7675f,0f,0.7071f,-0.7071f,-0.1207f,0f,0f,0f,1f],start_interpolation: 0,interpolation_duration: 1}
$data merge entity $(bone_left_leg) {transformation: [-1f,0f,0f,0.1187f,0f,0.9793f,-0.2022f,0.6971f,0f,-0.2022f,-0.9793f,0.0303f,0f,0f,0f,1f],start_interpolation: 0,interpolation_duration: 1}
$data merge entity $(bone_head) {transformation: [-1f,0f,0f,0f,0f,0.9932f,0.1161f,1.4649f,0f,0.1161f,-0.9932f,0.1585f,0f,0f,0f,1f],start_interpolation: 0,interpolation_duration: 1}
$data merge entity $(bone_body) {transformation: [-1f,0f,0f,0f,0f,0.9063f,0.4226f,1.125f,0f,0.4226f,-0.9063f,0f,0f,0f,0f,1f],start_interpolation: 0,interpolation_duration: 1}
data modify entity @s data merge value {"cameras":{},"locators":{"locator":{"posx":-0.31197014039947285,"posy":0.9047963155617813,"posz":0.5482552446065454,"roty":355.08969500915885,"rotx":-41.77396352700966},"locator2":{"posx":0.4405072426713502,"posy":0.9126636492245236,"posz":-0.33871768797545987,"roty":3.39257349216561,"rotx":55.7956996991401},"locator3":{"posx":-5.822528641897117e-17,"posy":2.144596260416231,"posz":0.4754455444582869,"roty":0,"rotx":25}}}