# This file was generated by Animated Java via MC-Build. It is not recommended to edit this file directly.
$data merge entity $(bone_sword) {transformation: [0f,0f,0f,-0.3589f,0f,0f,0f,0.7474f,0f,0f,0f,0.2473f,0f,0f,0f,1f],start_interpolation: 0,interpolation_duration: 1}
$data merge entity $(bone_right_arm) {transformation: [-0.9983f,-0.023f,-0.0534f,-0.3125f,-0.0125f,0.9819f,-0.1889f,1.356f,0.0568f,-0.1879f,-0.9805f,0.0957f,0f,0f,0f,1f],start_interpolation: 0,interpolation_duration: 1}
$data merge entity $(bone_gun) {transformation: [0f,0f,0f,0.375f,0f,0f,0f,0.7893f,0f,0f,0f,-0.1898f,0f,0f,0f,1f],start_interpolation: 0,interpolation_duration: 1}
$data merge entity $(bone_left_arm) {transformation: [-1f,0f,0f,0.3125f,0f,0.8021f,0.5972f,1.356f,0f,0.5972f,-0.8021f,0.0957f,0f,0f,0f,1f],start_interpolation: 0,interpolation_duration: 1}
$data merge entity $(bone_right_leg) {transformation: [-1f,0f,0f,-0.1187f,0f,0.8434f,0.5373f,0.7467f,0f,0.5373f,-0.8434f,-0.0665f,0f,0f,0f,1f],start_interpolation: 0,interpolation_duration: 1}
$data merge entity $(bone_left_leg) {transformation: [-1f,0f,0f,0.1188f,0f,0.9974f,0.0727f,0.7148f,0f,0.0727f,-0.9974f,0.0105f,0f,0f,0f,1f],start_interpolation: 0,interpolation_duration: 1}
$data merge entity $(bone_head) {transformation: [-1f,0f,0f,0f,0f,0.9948f,0.1016f,1.4715f,0f,0.1016f,-0.9948f,0.1435f,0f,0f,0f,1f],start_interpolation: 0,interpolation_duration: 1}
$data merge entity $(bone_body) {transformation: [-1f,0f,0f,0f,0f,0.9239f,0.3827f,1.125f,0f,0.3827f,-0.9239f,0f,0f,0f,0f,1f],start_interpolation: 0,interpolation_duration: 1}
data modify entity @s data merge value {"cameras":{},"locators":{"locator":{"posx":-0.35886033018374774,"posy":0.7473905233768479,"posz":0.24729690149290492,"roty":356.881709389598,"rotx":-10.886439251374759},"locator2":{"posx":0.375,"posy":0.7893261948502955,"posz":-0.18982190375312083,"roty":0,"rotx":36.66666666666667},"locator3":{"posx":-5.2723354559920844e-17,"posy":2.1643644740751977,"posz":0.43051886141072593,"roty":0,"rotx":22.499999999999996}}}