# This file was generated by Animated Java via MC-Build. It is not recommended to edit this file directly.
$data merge entity $(bone_sword) {transformation: [0f,0f,0f,-0.4049f,0f,0f,0f,0.8473f,0f,0f,0f,-0.2624f,0f,0f,0f,1f],start_interpolation: 0,interpolation_duration: 1}
$data merge entity $(bone_right_arm) {transformation: [-0.9983f,0.0496f,-0.0305f,-0.3125f,0.0201f,0.785f,0.6192f,1.356f,0.0546f,0.6175f,-0.7846f,0.0957f,0f,0f,0f,1f],start_interpolation: 0,interpolation_duration: 1}
$data merge entity $(bone_gun) {transformation: [0f,0f,0f,0.3538f,0f,0f,0f,0.769f,0f,0f,0f,0.341f,0f,0f,0f,1f],start_interpolation: 0,interpolation_duration: 1}
$data merge entity $(bone_left_arm) {transformation: [-0.9983f,0.0245f,0.0527f,0.3125f,0.0125f,0.976f,-0.2173f,1.356f,-0.0568f,-0.2163f,-0.9747f,0.0957f,0f,0f,0f,1f],start_interpolation: 0,interpolation_duration: 1}
$data merge entity $(bone_right_leg) {transformation: [-1f,0f,0f,-0.1187f,0f,0.9974f,0.0727f,0.7148f,0f,0.0727f,-0.9974f,0.0105f,0f,0f,0f,1f],start_interpolation: 0,interpolation_duration: 1}
$data merge entity $(bone_left_leg) {transformation: [-1f,0f,0f,0.1188f,0f,0.8434f,0.5373f,0.7467f,0f,0.5373f,-0.8434f,-0.0665f,0f,0f,0f,1f],start_interpolation: 0,interpolation_duration: 1}
$data merge entity $(bone_head) {transformation: [-1f,0f,0f,0f,0f,0.9948f,0.1016f,1.4715f,0f,0.1016f,-0.9948f,0.1435f,0f,0f,0f,1f],start_interpolation: 0,interpolation_duration: 1}
$data merge entity $(bone_body) {transformation: [-1f,0f,0f,0f,0f,0.9239f,0.3827f,1.125f,0f,0.3827f,-0.9239f,0f,0f,0f,0f,1f],start_interpolation: 0,interpolation_duration: 1}
data modify entity @s data merge value {"cameras":{},"locators":{"locator":{"posx":-0.4049403641578692,"posy":0.8472629391369829,"posz":-0.2623523235285039,"roty":357.7760822658741,"rotx":38.25843415571426},"locator2":{"posx":0.35379816772016026,"posy":0.7689485442852408,"posz":0.3410233506743299,"roty":3.0965603884824304,"rotx":-12.552970107391642},"locator3":{"posx":-5.2723354559920844e-17,"posy":2.1643644740751977,"posz":0.43051886141072593,"roty":0,"rotx":22.499999999999996}}}