# This file was generated by Animated Java via MC-Build. It is not recommended to edit this file directly.
$data merge entity $(bone_sword) {transformation: [0f,0f,0f,-0.4435f,0f,0f,0f,0.9846f,0f,0f,0f,-0.388f,0f,0f,0f,1f],start_interpolation: 0,interpolation_duration: 1}
$data merge entity $(bone_right_arm) {transformation: [-0.9932f,0.1118f,-0.0316f,-0.3125f,0.0352f,0.549f,0.8351f,1.3516f,0.1107f,0.8283f,-0.5492f,0.1057f,0f,0f,0f,1f],start_interpolation: 0,interpolation_duration: 1}
$data merge entity $(bone_gun) {transformation: [0f,0f,0f,0.3066f,0f,0f,0f,0.9641f,0f,0f,0f,0.6119f,0f,0f,0f,1f],start_interpolation: 0,interpolation_duration: 1}
$data merge entity $(bone_left_arm) {transformation: [-0.9932f,0.0979f,0.0624f,0.3125f,0.0299f,0.7354f,-0.677f,1.3516f,-0.1122f,-0.6705f,-0.7334f,0.1057f,0f,0f,0f,1f],start_interpolation: 0,interpolation_duration: 1}
$data merge entity $(bone_right_leg) {transformation: [-1f,0f,0f,-0.1187f,0f,0.9793f,-0.2022f,0.6971f,0f,-0.2022f,-0.9793f,0.0303f,0f,0f,0f,1f],start_interpolation: 0,interpolation_duration: 1}
$data merge entity $(bone_left_leg) {transformation: [-1f,0f,0f,0.1188f,0f,0.7071f,0.7071f,0.7675f,0f,0.7071f,-0.7071f,-0.1207f,0f,0f,0f,1f],start_interpolation: 0,interpolation_duration: 1}
$data merge entity $(bone_head) {transformation: [-1f,0f,0f,0f,0f,0.9932f,0.1161f,1.4649f,0f,0.1161f,-0.9932f,0.1585f,0f,0f,0f,1f],start_interpolation: 0,interpolation_duration: 1}
$data merge entity $(bone_body) {transformation: [-1f,0f,0f,0f,0f,0.9063f,0.4226f,1.125f,0f,0.4226f,-0.9063f,0f,0f,0f,0f,1f],start_interpolation: 0,interpolation_duration: 1}
data modify entity @s data merge value {"cameras":{},"locators":{"locator":{"posx":-0.44345124490554855,"posy":0.9845704486689759,"posz":-0.38797138220590105,"roty":356.7022178670315,"rotx":56.62736419088036},"locator2":{"posx":0.3065646086951669,"posy":0.9641158584307914,"posz":0.6119510326278176,"roty":4.864850107993561,"rotx":-42.6066160846172},"locator3":{"posx":-5.822528641897116e-17,"posy":2.144596260416231,"posz":0.47544554445828685,"roty":0,"rotx":25}}}