# This file was generated by Animated Java via MC-Build. It is not recommended to edit this file directly.
$data merge entity $(bone_sword) {transformation: [0f,0f,0f,-0.4826f,0f,0f,0f,1.1601f,0f,0f,0f,-0.4605f,0f,0f,0f,1f],start_interpolation: 0,interpolation_duration: 1}
$data merge entity $(bone_right_arm) {transformation: [-0.9848f,0.1736f,0f,-0.3125f,0.0449f,0.2549f,0.9659f,1.3468f,0.1677f,0.9513f,-0.2588f,0.1154f,0f,0f,0f,1f],start_interpolation: 0,interpolation_duration: 1}
$data merge entity $(bone_gun) {transformation: [0f,0f,0f,0.2655f,0f,0f,0f,1.2627f,0f,0f,0f,0.7457f,0f,0f,0f,1f],start_interpolation: 0,interpolation_duration: 1}
$data merge entity $(bone_left_arm) {transformation: [-0.9848f,0.1736f,0f,0.3125f,0.0522f,0.2961f,-0.9537f,1.3468f,-0.1656f,-0.9392f,-0.3007f,0.1154f,0f,0f,0f,1f],start_interpolation: 0,interpolation_duration: 1}
$data merge entity $(bone_right_leg) {transformation: [-1f,0f,0f,-0.1187f,0f,0.887f,-0.4617f,0.6769f,0f,-0.4617f,-0.887f,0.0486f,0f,0f,0f,1f],start_interpolation: 0,interpolation_duration: 1}
$data merge entity $(bone_left_leg) {transformation: [-1f,0f,0f,0.1188f,0f,0.5373f,0.8434f,0.7924f,0f,0.8434f,-0.5373f,-0.1732f,0f,0f,0f,1f],start_interpolation: 0,interpolation_duration: 1}
$data merge entity $(bone_head) {transformation: [-1f,0f,0f,0f,0f,0.9914f,0.1305f,1.4576f,0f,0.1305f,-0.9914f,0.1732f,0f,0f,0f,1f],start_interpolation: 0,interpolation_duration: 1}
$data merge entity $(bone_body) {transformation: [-1f,0f,0f,0f,0f,0.887f,0.4617f,1.125f,0f,0.4617f,-0.887f,0f,0f,0f,0f,1f],start_interpolation: 0,interpolation_duration: 1}
data modify entity @s data merge value {"cameras":{},"locators":{"locator":{"posx":-0.48258059560480165,"posy":1.1600603435704138,"posz":-0.460520420059028,"roty":9.325162864115555e-11,"rotx":75.00000000004904},"locator2":{"posx":0.26551993940130214,"posy":1.262716064444143,"posz":0.7456975383297428,"roty":6.88373802404385e-11,"rotx":-72.49999999995362},"locator3":{"posx":-6.361638313601401e-17,"posy":2.1228871873254995,"posz":0.5194671898894132,"roty":0,"rotx":27.500000000000004}}}