# This file was generated by Animated Java via MC-Build. It is not recommended to edit this file directly.
$data merge entity $(bone_sword) {transformation: [0f,0f,0f,-0.375f,0f,0f,0f,0.7619f,0f,0f,0f,-0.0989f,0f,0f,0f,1f],start_interpolation: 0,interpolation_duration: 1}
$data merge entity $(bone_right_arm) {transformation: [-1f,0f,0f,-0.3125f,0f,0.9397f,0.342f,1.3599f,0f,0.342f,-0.9397f,0.0855f,0f,0f,0f,1f],start_interpolation: 0,interpolation_duration: 1}
$data merge entity $(bone_gun) {transformation: [0f,0f,0f,0.375f,0f,0f,0f,0.731f,0f,0f,0f,0.0019f,0f,0f,0f,1f],start_interpolation: 0,interpolation_duration: 1}
$data merge entity $(bone_left_arm) {transformation: [-1f,0f,0f,0.3125f,0f,0.9537f,0.3007f,1.3599f,0f,0.3007f,-0.9537f,0.0855f,0f,0f,0f,1f],start_interpolation: 0,interpolation_duration: 1}
$data merge entity $(bone_right_leg) {transformation: [-1f,0f,0f,-0.1187f,0f,0.9397f,0.342f,0.7299f,0f,0.342f,-0.9397f,-0.0108f,0f,0f,0f,1f],start_interpolation: 0,interpolation_duration: 1}
$data merge entity $(bone_left_leg) {transformation: [-1f,0f,0f,0.1188f,0f,0.9397f,0.342f,0.7299f,0f,0.342f,-0.9397f,-0.0108f,0f,0f,0f,1f],start_interpolation: 0,interpolation_duration: 1}
$data merge entity $(bone_head) {transformation: [-1f,0f,0f,0f,0f,0.9962f,0.0872f,1.4774f,0f,0.0872f,-0.9962f,0.1283f,0f,0f,0f,1f],start_interpolation: 0,interpolation_duration: 1}
$data merge entity $(bone_body) {transformation: [-1f,0f,0f,0f,0f,0.9397f,0.342f,1.125f,0f,0.342f,-0.9397f,0f,0f,0f,0f,1f],start_interpolation: 0,interpolation_duration: 1}
data modify entity @s data merge value {"cameras":{},"locators":{"locator":{"posx":-0.375,"posy":0.7619229693558605,"posz":-0.09888070684375033,"roty":0,"rotx":19.999999999999993},"locator2":{"posx":0.375,"posy":0.7309577449392727,"posz":0.0018766959562028821,"roty":0,"rotx":17.499999999999996},"locator3":{"posx":-4.712106079886615e-17,"posy":2.182154198384147,"posz":0.3847726612413772,"roty":0,"rotx":19.999999999999996}}}