# This file was generated by Animated Java via MC-Build. It is not recommended to edit this file directly.
$data merge entity $(bone_sword) {transformation: [0.5361f,0.6623f,0.6858f,-0.0793f,0.8551f,0.0138f,-0.6818f,1.2458f,-0.4215f,0.8704f,-0.511f,-0.6289f,0f,0f,0f,1f],start_interpolation: 0,interpolation_duration: 1}
$data merge entity $(bone_right_arm) {transformation: [0.4901f,0.6055f,0.627f,0.2881f,0.7818f,0.0126f,-0.6234f,1.1854f,-0.3854f,0.7958f,-0.4672f,-0.1221f,0f,0f,0f,1f],start_interpolation: 0,interpolation_duration: 1}
$data merge entity $(bone_gun) {transformation: [0.8862f,-0.3887f,0.2522f,-0.0892f,0.4488f,0.5849f,-0.6756f,0.8775f,0.1151f,0.7119f,0.6928f,-0.6644f,0f,0f,0f,1f],start_interpolation: 0,interpolation_duration: 1}
$data merge entity $(bone_left_arm) {transformation: [0.8862f,-0.3887f,0.2522f,-0.2492f,0.4488f,0.5849f,-0.6756f,1.1972f,0.1151f,0.7119f,0.6928f,-0.1365f,0f,0f,0f,1f],start_interpolation: 0,interpolation_duration: 1}
$data merge entity $(bone_right_leg) {transformation: [0.8658f,0.0149f,-0.5002f,0.0828f,-0.0334f,0.999f,-0.028f,0.7142f,0.4993f,0.041f,0.8655f,-0.1196f,0f,0f,0f,1f],start_interpolation: 0,interpolation_duration: 1}
$data merge entity $(bone_left_leg) {transformation: [0.7711f,0.076f,0.6322f,-0.0784f,-0.2461f,0.9513f,0.1858f,0.7628f,-0.5873f,-0.2989f,0.7522f,0.1318f,0f,0f,0f,1f],start_interpolation: 0,interpolation_duration: 1}
$data merge entity $(bone_head) {transformation: [0.9955f,-0.092f,0.0207f,-0.0332f,0.0778f,0.9254f,0.3708f,1.4872f,-0.0532f,-0.3675f,0.9285f,-0.0912f,0f,0f,0f,1f],start_interpolation: 0,interpolation_duration: 1}
$data merge entity $(bone_body) {transformation: [0.9397f,-0.0885f,0.3304f,0f,0f,0.9659f,0.2588f,1.125f,-0.342f,-0.2432f,0.9077f,0f,0f,0f,0f,1f],start_interpolation: 0,interpolation_duration: 1}
data modify entity @s data merge value {"cameras":{},"locators":{"locator":{"posx":-0.8434548339620781,"posy":2.0055248569797155,"posz":-0.0595265841432604,"roty":53.31053650495589,"rotx":-38.561674220477364},"locator2":{"posx":-0.011727059182981045,"posy":0.7840274377931171,"posz":-0.8964428077647113,"roty":160.00000000017883,"rotx":-42.500000000052324},"locator3":{"posx":-0.09958649276404871,"posy":2.211666554575202,"posz":-0.2736116401519055,"roty":160,"rotx":14.99999999999999}}}
execute on vehicle unless entity @s[tag=aj.transforms_only] at @s run function animated_java:gustave/animations/counter/zzz/frames/0_root_commands