# This file was generated by Animated Java via MC-Build. It is not recommended to edit this file directly.
$data merge entity $(bone_sword) {transformation: [0.5445f,0.5459f,0.7758f,-0.0048f,0.8826f,0.0364f,-0.645f,1.2298f,-0.3478f,0.9471f,-0.4223f,-0.6376f,0f,0f,0f,1f],start_interpolation: 0,interpolation_duration: 1}
$data merge entity $(bone_right_arm) {transformation: [0.4978f,0.4991f,0.7093f,0.2982f,0.8069f,0.0333f,-0.5897f,1.1818f,-0.318f,0.8659f,-0.3861f,-0.0886f,0f,0f,0f,1f],start_interpolation: 0,interpolation_duration: 1}
$data merge entity $(bone_gun) {transformation: [0.8546f,-0.4869f,0.1805f,-0.0031f,0.4721f,0.5836f,-0.6608f,0.857f,0.2164f,0.6499f,0.7286f,-0.6626f,0f,0f,0f,1f],start_interpolation: 0,interpolation_duration: 1}
$data merge entity $(bone_left_arm) {transformation: [0.8546f,-0.4869f,0.1805f,-0.2342f,0.4721f,0.5836f,-0.6608f,1.179f,0.2164f,0.6499f,0.7286f,-0.1632f,0f,0f,0f,1f],start_interpolation: 0,interpolation_duration: 1}
$data merge entity $(bone_right_leg) {transformation: [0.8023f,-0.0216f,-0.5965f,0.1053f,-0.0175f,0.9981f,-0.0597f,0.7162f,0.5967f,0.0583f,0.8004f,-0.1187f,0f,0f,0f,1f],start_interpolation: 0,interpolation_duration: 1}
$data merge entity $(bone_left_leg) {transformation: [0.8388f,0.0727f,0.5396f,-0.0842f,-0.2199f,0.9519f,0.2135f,0.745f,-0.4981f,-0.2978f,0.8144f,0.1124f,0f,0f,0f,1f],start_interpolation: 0,interpolation_duration: 1}
$data merge entity $(bone_head) {transformation: [0.9926f,-0.0763f,-0.0942f,-0.033f,0.1056f,0.9256f,0.3635f,1.4744f,0.0595f,-0.3707f,0.9268f,-0.0925f,0f,0f,0f,1f],start_interpolation: 0,interpolation_duration: 1}
$data merge entity $(bone_body) {transformation: [0.9718f,-0.0879f,0.2189f,0f,0.0287f,0.9651f,0.2602f,1.1125f,-0.2342f,-0.2466f,0.9404f,0f,0f,0f,0f,1f],start_interpolation: 0,interpolation_duration: 1}
data modify entity @s data merge value {"cameras":{},"locators":{"locator":{"posx":-0.8692576674626795,"posy":1.9485867189532091,"posz":-0.1669894018236298,"roty":61.436733019852994,"rotx":-36.13865112285612},"locator2":{"posx":0.10454725558903988,"posy":0.7627418536001428,"posz":-0.8820351955701862,"roty":166.08424465231806,"rotx":-41.35845613904819},"locator3":{"posx":-0.0989353622234238,"posy":2.198265543653286,"posz":-0.27739859105086256,"roty":166.89548945759282,"rotx":15.082487239506111}}}