# This file was generated by Animated Java via MC-Build. It is not recommended to edit this file directly.
$data merge entity $(bone_sword) {transformation: [0.4688f,-0.2211f,0.9631f,0.419f,0.9542f,0.3785f,-0.3775f,0.9559f,-0.257f,1.0021f,0.3551f,-0.5335f,0f,0f,0f,1f],start_interpolation: 0,interpolation_duration: 1}
$data merge entity $(bone_right_arm) {transformation: [0.4286f,-0.2022f,0.8806f,0.2934f,0.8724f,0.3461f,-0.3452f,1.1068f,-0.235f,0.9162f,0.3247f,0.0639f,0f,0f,0f,1f],start_interpolation: 0,interpolation_duration: 1}
$data merge entity $(bone_gun) {transformation: [0.5673f,-0.7352f,-0.371f,0.3547f,0.6578f,0.6756f,-0.3329f,0.562f,0.4954f,-0.0552f,0.8669f,-0.3628f,0f,0f,0f,1f],start_interpolation: 0,interpolation_duration: 1}
$data merge entity $(bone_left_arm) {transformation: [0.5673f,-0.7352f,-0.371f,-0.1099f,0.6578f,0.6756f,-0.3329f,0.989f,0.4954f,-0.0552f,0.8669f,-0.2715f,0f,0f,0f,1f],start_interpolation: 0,interpolation_duration: 1}
$data merge entity $(bone_right_leg) {transformation: [0.3093f,-0.1886f,-0.9321f,0.1896f,0.2175f,0.9682f,-0.1238f,0.6958f,0.9258f,-0.1644f,0.3404f,-0.0256f,0f,0f,0f,1f],start_interpolation: 0,interpolation_duration: 1}
$data merge entity $(bone_left_leg) {transformation: [0.9857f,0.1677f,0.0183f,-0.0845f,-0.1459f,0.7926f,0.592f,0.6157f,0.0848f,-0.5862f,0.8057f,0.0829f,0f,0f,0f,1f],start_interpolation: 0,interpolation_duration: 1}
$data merge entity $(bone_head) {transformation: [0.7898f,0.0856f,-0.6074f,0.0021f,0.3015f,0.8082f,0.5059f,1.3252f,0.5342f,-0.5827f,0.6124f,-0.1867f,0f,0f,0f,1f],start_interpolation: 0,interpolation_duration: 1}
$data merge entity $(bone_body) {transformation: [0.9377f,0.0056f,-0.3475f,0f,0.1684f,0.8673f,0.4684f,1f,0.304f,-0.4978f,0.8123f,0f,0f,0f,0f,1f],start_interpolation: 0,interpolation_duration: 1}
data modify entity @s data merge value {"cameras":{},"locators":{"locator":{"posx":-0.6542216067161728,"posy":1.3765315114712238,"posz":-0.9292645615478872,"roty":110.2403342715025,"rotx":-20.19198336529106},"locator2":{"posx":0.5674575761997402,"posy":0.419158926625257,"posz":-0.41675731261211696,"roty":203.16931098044807,"rotx":-19.447040704139724},"locator3":{"posx":0.006313705814425218,"posy":1.975698413420857,"posz":-0.559997984966831,"roty":203.16277853465775,"rotx":27.93369517304309}}}