# This file was generated by Animated Java via MC-Build. It is not recommended to edit this file directly.
$data merge entity $(bone_sword) {transformation: [0.4695f,-0.29f,0.9443f,0.4554f,0.9514f,0.4141f,-0.3459f,0.9238f,-0.2658f,0.9699f,0.43f,-0.506f,0f,0f,0f,1f],start_interpolation: 0,interpolation_duration: 1}
$data merge entity $(bone_right_arm) {transformation: [0.4293f,-0.2651f,0.8634f,0.2899f,0.8699f,0.3786f,-0.3162f,1.0962f,-0.2431f,0.8868f,0.3932f,0.0757f,0f,0f,0f,1f],start_interpolation: 0,interpolation_duration: 1}
$data merge entity $(bone_gun) {transformation: [0.5421f,-0.7199f,-0.4335f,0.3679f,0.673f,0.6808f,-0.289f,0.5319f,0.5032f,-0.1351f,0.8535f,-0.3168f,0f,0f,0f,1f],start_interpolation: 0,interpolation_duration: 1}
$data merge entity $(bone_left_arm) {transformation: [0.5421f,-0.7199f,-0.4335f,-0.0956f,0.673f,0.6808f,-0.289f,0.9679f,0.5032f,-0.1351f,0.8535f,-0.2764f,0f,0f,0f,1f],start_interpolation: 0,interpolation_duration: 1}
$data merge entity $(bone_right_leg) {transformation: [0.2568f,-0.187f,-0.9482f,0.192f,0.2437f,0.9619f,-0.1237f,0.6911f,0.9352f,-0.1994f,0.2926f,-0.0157f,0f,0f,0f,1f],start_interpolation: 0,interpolation_duration: 1}
$data merge entity $(bone_left_leg) {transformation: [0.9795f,0.2003f,-0.0191f,-0.0863f,-0.1437f,0.7624f,0.6309f,0.602f,0.1409f,-0.6153f,0.7756f,0.0841f,0f,0f,0f,1f],start_interpolation: 0,interpolation_duration: 1}
$data merge entity $(bone_head) {transformation: [0.7614f,0.1179f,-0.6375f,0.0126f,0.318f,0.789f,0.5257f,1.3066f,0.565f,-0.6029f,0.5633f,-0.1966f,0f,0f,0f,1f],start_interpolation: 0,interpolation_duration: 1}
$data merge entity $(bone_body) {transformation: [0.9208f,0.0336f,-0.3885f,0f,0.1775f,0.8509f,0.4944f,0.9875f,0.3472f,-0.5243f,0.7775f,0f,0f,0f,0f,1f],start_interpolation: 0,interpolation_duration: 1}
data modify entity @s data merge value {"cameras":{},"locators":{"locator":{"posx":-0.5968195213209202,"posy":1.309162541832471,"posz":-0.985135142921232,"roty":114.48378717208067,"rotx":-18.434751225435328},"locator2":{"posx":0.581696614602015,"posy":0.38427022560684243,"posz":-0.3497004531635813,"roty":206.92654352205642,"rotx":-16.798652518888513},"locator3":{"posx":0.037848966837060814,"posy":1.9447528646258885,"posz":-0.5897960739737911,"roty":206.55020008116438,"rotx":29.63259208255769}}}