# This file was generated by Animated Java via MC-Build. It is not recommended to edit this file directly.
$data merge entity $(bone_sword) {transformation: [0.4726f,-0.3561f,0.9198f,0.4901f,0.9475f,0.4472f,-0.3137f,0.8928f,-0.274f,0.9324f,0.5018f,-0.4753f,0f,0f,0f,1f],start_interpolation: 0,interpolation_duration: 1}
$data merge entity $(bone_right_arm) {transformation: [0.4321f,-0.3256f,0.841f,0.2859f,0.8663f,0.4089f,-0.2868f,1.0852f,-0.2505f,0.8525f,0.4588f,0.0876f,0f,0f,0f,1f],start_interpolation: 0,interpolation_duration: 1}
$data merge entity $(bone_gun) {transformation: [0.5176f,-0.6976f,-0.4954f,0.3769f,0.6868f,0.684f,-0.2457f,0.5035f,0.5103f,-0.2131f,0.8332f,-0.2702f,0f,0f,0f,1f],start_interpolation: 0,interpolation_duration: 1}
$data merge entity $(bone_left_arm) {transformation: [0.5176f,-0.6976f,-0.4954f,-0.081f,0.6868f,0.684f,-0.2457f,0.9471f,0.5103f,-0.2131f,0.8332f,-0.2804f,0f,0f,0f,1f],start_interpolation: 0,interpolation_duration: 1}
$data merge entity $(bone_right_leg) {transformation: [0.204f,-0.182f,-0.9619f,0.1939f,0.2687f,0.9552f,-0.1237f,0.6861f,0.9414f,-0.2333f,0.2438f,-0.0064f,0f,0f,0f,1f],start_interpolation: 0,interpolation_duration: 1}
$data merge entity $(bone_left_leg) {transformation: [0.9702f,0.2365f,-0.0531f,-0.0887f,-0.1417f,0.7311f,0.6674f,0.5882f,0.1967f,-0.64f,0.7428f,0.085f,0f,0f,0f,1f],start_interpolation: 0,interpolation_duration: 1}
$data merge entity $(bone_head) {transformation: [0.7319f,0.1527f,-0.6641f,0.0243f,0.3333f,0.7698f,0.5443f,1.2879f,0.5943f,-0.6197f,0.5125f,-0.2053f,0f,0f,0f,1f],start_interpolation: 0,interpolation_duration: 1}
$data merge entity $(bone_body) {transformation: [0.902f,0.0647f,-0.4269f,0f,0.1858f,0.8343f,0.5191f,0.975f,0.3897f,-0.5475f,0.7405f,0f,0f,0f,0f,1f],start_interpolation: 0,interpolation_duration: 1}
data modify entity @s data merge value {"cameras":{},"locators":{"locator":{"posx":-0.5347901979066356,"posy":1.2423625202578483,"posz":-1.0343916962089252,"roty":118.61392953644821,"rotx":-16.669303522812786},"locator2":{"posx":0.5899643274329143,"posy":0.3517275986367427,"posz":-0.28204101346916965,"roty":210.73381484582524,"rotx":-14.223627331003751},"locator3":{"posx":0.07275237719711805,"posy":1.9135723130783713,"posz":-0.6159659931643013,"roty":209.96163797943947,"rotx":31.269744170670478}}}