# This file was generated by Animated Java via MC-Build. It is not recommended to edit this file directly.
$data merge entity $(bone_sword) {transformation: [0.4781f,-0.419f,0.89f,0.5229f,0.9427f,0.4779f,-0.2814f,0.8628f,-0.2811f,0.8901f,0.5701f,-0.4416f,0f,0f,0f,1f],start_interpolation: 0,interpolation_duration: 1}
$data merge entity $(bone_right_arm) {transformation: [0.4371f,-0.3831f,0.8137f,0.2815f,0.8619f,0.437f,-0.2573f,1.074f,-0.257f,0.8138f,0.5212f,0.0993f,0f,0f,0f,1f],start_interpolation: 0,interpolation_duration: 1}
$data merge entity $(bone_gun) {transformation: [0.4939f,-0.6686f,-0.5558f,0.3816f,0.6993f,0.6854f,-0.2031f,0.4769f,0.5168f,-0.2884f,0.8061f,-0.2236f,0f,0f,0f,1f],start_interpolation: 0,interpolation_duration: 1}
$data merge entity $(bone_left_arm) {transformation: [0.4939f,-0.6686f,-0.5558f,-0.0662f,0.6993f,0.6854f,-0.2031f,0.9267f,0.5168f,-0.2884f,0.8061f,-0.2833f,0f,0f,0f,1f],start_interpolation: 0,interpolation_duration: 1}
$data merge entity $(bone_right_leg) {transformation: [0.1512f,-0.1737f,-0.9731f,0.1955f,0.2925f,0.9482f,-0.1238f,0.6806f,0.9442f,-0.2659f,0.1942f,0.0023f,0f,0f,0f,1f],start_interpolation: 0,interpolation_duration: 1}
$data merge entity $(bone_left_leg) {transformation: [0.9576f,0.2758f,-0.0836f,-0.0915f,-0.1401f,0.6988f,0.7014f,0.5742f,0.2519f,-0.66f,0.7078f,0.0855f,0f,0f,0f,1f],start_interpolation: 0,interpolation_duration: 1}
$data merge entity $(bone_head) {transformation: [0.7014f,0.1897f,-0.687f,0.0369f,0.3474f,0.7506f,0.562f,1.2691f,0.6223f,-0.6329f,0.4606f,-0.2128f,0f,0f,0f,1f],start_interpolation: 0,interpolation_duration: 1}
$data merge entity $(bone_body) {transformation: [0.8812f,0.0984f,-0.4623f,0f,0.1933f,0.8176f,0.5424f,0.9625f,0.4314f,-0.5674f,0.7014f,0f,0f,0f,0f,1f],start_interpolation: 0,interpolation_duration: 1}
data modify entity @s data merge value {"cameras":{},"locators":{"locator":{"posx":-0.4688630205000929,"posy":1.176370179723082,"posz":-1.0768628036159336,"roty":122.64003436331714,"rotx":-14.908664951759526},"locator2":{"posx":0.5921444486492357,"posy":0.3213823078818149,"posz":-0.21444528650428357,"roty":214.58859775632158,"rotx":-11.717722434762402},"locator3":{"posx":0.11071260890340912,"posy":1.8822572363167707,"posz":-0.6382901726274165,"roty":213.3891857564257,"rotx":32.84953763416059}}}