# This file was generated by Animated Java via MC-Build. It is not recommended to edit this file directly.
$data merge entity $(bone_sword) {transformation: [0.4858f,-0.4782f,0.8553f,0.5533f,0.937f,0.5063f,-0.2491f,0.8338f,-0.287f,0.8434f,0.6345f,-0.4054f,0f,0f,0f,1f],start_interpolation: 0,interpolation_duration: 1}
$data merge entity $(bone_right_arm) {transformation: [0.4442f,-0.4372f,0.782f,0.2767f,0.8566f,0.4629f,-0.2277f,1.0625f,-0.2624f,0.7711f,0.5802f,0.1111f,0f,0f,0f,1f],start_interpolation: 0,interpolation_duration: 1}
$data merge entity $(bone_gun) {transformation: [0.4712f,-0.633f,-0.6142f,0.382f,0.7103f,0.6852f,-0.1612f,0.4518f,0.5229f,-0.3603f,0.7725f,-0.1773f,0f,0f,0f,1f],start_interpolation: 0,interpolation_duration: 1}
$data merge entity $(bone_left_arm) {transformation: [0.4712f,-0.633f,-0.6142f,-0.0514f,0.7103f,0.6852f,-0.1612f,0.9068f,0.5229f,-0.3603f,0.7725f,-0.2854f,0f,0f,0f,1f],start_interpolation: 0,interpolation_duration: 1}
$data merge entity $(bone_right_leg) {transformation: [0.0988f,-0.1623f,-0.9818f,0.1967f,0.315f,0.941f,-0.1239f,0.6748f,0.944f,-0.297f,0.1441f,0.0104f,0f,0f,0f,1f],start_interpolation: 0,interpolation_duration: 1}
$data merge entity $(bone_left_leg) {transformation: [0.9418f,0.3177f,-0.1101f,-0.0947f,-0.1389f,0.6657f,0.7332f,0.5601f,0.3062f,-0.6752f,0.6711f,0.0857f,0f,0f,0f,1f],start_interpolation: 0,interpolation_duration: 1}
$data merge entity $(bone_head) {transformation: [0.6701f,0.2287f,-0.7062f,0.0505f,0.3603f,0.7315f,0.5789f,1.2503f,0.6489f,-0.6423f,0.4078f,-0.2189f,0f,0f,0f,1f],start_interpolation: 0,interpolation_duration: 1}
$data merge entity $(bone_body) {transformation: [0.8586f,0.1346f,-0.4947f,0f,0.1998f,0.8008f,0.5646f,0.95f,0.4721f,-0.5836f,0.6607f,0f,0f,0f,0f,1f],start_interpolation: 0,interpolation_duration: 1}
data modify entity @s data merge value {"cameras":{},"locators":{"locator":{"posx":-0.3997798362468509,"posy":1.1113873049843015,"posz":-1.1124525806079117,"roty":126.57048395296812,"rotx":-13.164294925001094},"locator2":{"posx":0.5881954724963745,"posy":0.29308313308647505,"posz":-0.1475770488562937,"roty":218.48758761939249,"rotx":-9.275953762283859},"locator3":{"posx":0.15139814314582276,"posy":1.8508908030930038,"posz":-0.6565815738767264,"roty":216.8243916103995,"rotx":34.37695139393997}}}