# This file was generated by Animated Java via MC-Build. It is not recommended to edit this file directly.
$data merge entity $(bone_sword) {transformation: [0.4957f,-0.5333f,0.8162f,0.5812f,0.9304f,0.5325f,-0.2171f,0.8057f,-0.2916f,0.7926f,0.695f,-0.3668f,0f,0f,0f,1f],start_interpolation: 0,interpolation_duration: 1}
$data merge entity $(bone_right_arm) {transformation: [0.4532f,-0.4876f,0.7463f,0.2715f,0.8506f,0.4869f,-0.1984f,1.0507f,-0.2666f,0.7247f,0.6354f,0.1227f,0f,0f,0f,1f],start_interpolation: 0,interpolation_duration: 1}
$data merge entity $(bone_gun) {transformation: [0.4494f,-0.5911f,-0.6698f,0.378f,0.7201f,0.6834f,-0.12f,0.4282f,0.5287f,-0.4284f,0.7328f,-0.1319f,0f,0f,0f,1f],start_interpolation: 0,interpolation_duration: 1}
$data merge entity $(bone_left_arm) {transformation: [0.4494f,-0.5911f,-0.6698f,-0.0366f,0.7201f,0.6834f,-0.12f,0.8872f,0.5287f,-0.4284f,0.7328f,-0.2865f,0f,0f,0f,1f],start_interpolation: 0,interpolation_duration: 1}
$data merge entity $(bone_right_leg) {transformation: [0.0469f,-0.1478f,-0.9879f,0.1976f,0.3362f,0.9336f,-0.1237f,0.6684f,0.9406f,-0.3263f,0.0935f,0.0179f,0f,0f,0f,1f],start_interpolation: 0,interpolation_duration: 1}
$data merge entity $(bone_left_leg) {transformation: [0.9229f,0.3617f,-0.1324f,-0.0984f,-0.1383f,0.6319f,0.7626f,0.5459f,0.3595f,-0.6855f,0.6332f,0.0855f,0f,0f,0f,1f],start_interpolation: 0,interpolation_duration: 1}
$data merge entity $(bone_head) {transformation: [0.638f,0.2693f,-0.7214f,0.0648f,0.372f,0.7125f,0.595f,1.2315f,0.6742f,-0.648f,0.3544f,-0.2236f,0f,0f,0f,1f],start_interpolation: 0,interpolation_duration: 1}
$data merge entity $(bone_body) {transformation: [0.8341f,0.1729f,-0.5238f,0f,0.2053f,0.784f,0.5858f,0.9375f,0.5119f,-0.5962f,0.6185f,0f,0f,0f,0f,1f],start_interpolation: 0,interpolation_duration: 1}
data modify entity @s data merge value {"cameras":{},"locators":{"locator":{"posx":-0.3282858474070359,"posy":1.0475791032824076,"posz":-1.1411397517246566,"roty":130.41260536208682,"rotx":-11.446194017756277},"locator2":{"posx":0.578149970994724,"posy":0.26668052488005195,"posz":-0.08208978693589536,"roty":222.42680439709608,"rotx":-6.892625347662625},"locator3":{"posx":0.19446059969610718,"posy":1.8195382481044629,"posz":-0.670685175061027,"roty":220.25833344918072,"rotx":35.85751142086539}}}
execute on vehicle unless entity @s[tag=aj.transforms_only] at @s run function animated_java:gustave/animations/counter/zzz/frames/15_root_commands