# This file was generated by Animated Java via MC-Build. It is not recommended to edit this file directly.
$data merge entity $(bone_sword) {transformation: [0.3438f,-1.0169f,0.2097f,0.702f,0.4791f,0.3514f,0.9183f,1.4586f,-0.9211f,-0.1968f,0.5559f,0.1967f,0f,0f,0f,1f],start_interpolation: 0,interpolation_duration: 1}
$data merge entity $(bone_right_arm) {transformation: [0.3144f,-0.9297f,0.1917f,0.1073f,0.4381f,0.3213f,0.8396f,1.6583f,-0.8422f,-0.1799f,0.5083f,0.1528f,0f,0f,0f,1f],start_interpolation: 0,interpolation_duration: 1}
$data merge entity $(bone_gun) {transformation: [0.1244f,-0.9909f,-0.0514f,0.7557f,0.9536f,0.1051f,0.282f,1.1256f,-0.274f,-0.0841f,0.958f,-0.2648f,0f,0f,0f,1f],start_interpolation: 0,interpolation_duration: 1}
$data merge entity $(bone_left_arm) {transformation: [0.1244f,-0.9909f,-0.0514f,0.1385f,0.9536f,0.1051f,0.282f,1.2817f,-0.274f,-0.0841f,0.958f,-0.2297f,0f,0f,0f,1f],start_interpolation: 0,interpolation_duration: 1}
$data merge entity $(bone_right_leg) {transformation: [-0.361f,0.0023f,-0.9326f,0.1955f,0.5842f,0.78f,-0.2242f,1.262f,0.7269f,-0.6257f,-0.2829f,0.2417f,0f,0f,0f,1f],start_interpolation: 0,interpolation_duration: 1}
$data merge entity $(bone_left_leg) {transformation: [0.5789f,0.4579f,-0.6747f,0.025f,0.4298f,0.5317f,0.7297f,1.0335f,0.6929f,-0.7124f,0.111f,0.1647f,0f,0f,0f,1f],start_interpolation: 0,interpolation_duration: 1}
$data merge entity $(bone_head) {transformation: [0.0138f,0.2962f,-0.955f,0.0634f,0.773f,0.6027f,0.1981f,1.6338f,0.6343f,-0.741f,-0.2206f,-0.2863f,0f,0f,0f,1f],start_interpolation: 0,interpolation_duration: 1}
$data merge entity $(bone_body) {transformation: [0.3095f,0.169f,-0.9357f,0f,0.7018f,0.6234f,0.3447f,1.4f,0.6416f,-0.7634f,0.0743f,0f,0f,0f,0f,1f],start_interpolation: 0,interpolation_duration: 1}
data modify entity @s data merge value {"cameras":{},"locators":{"locator":{"posx":0.4683576111601697,"posy":0.43539458247993856,"posz":-0.4227309247647295,"roty":159.33243308392136,"rotx":57.09552551255879},"locator2":{"posx":1.007442199109731,"posy":1.0772750285488522,"posz":-0.31862446861548355,"roty":183.06890728152027,"rotx":16.379599081874815},"locator3":{"posx":0.19014185813748594,"posy":2.101325169963255,"posz":-0.8588446191017534,"roty":265.45737991809983,"rotx":20.16604315363883}}}