# This file was generated by Animated Java via MC-Build. It is not recommended to edit this file directly.
$data merge entity $(bone_sword) {transformation: [0.84f,-0.5859f,-0.3839f,0.3087f,0.2406f,-0.3216f,1.0173f,2.262f,-0.6579f,-0.8658f,-0.1181f,0.6629f,0f,0f,0f,1f],start_interpolation: 0,interpolation_duration: 1}
$data merge entity $(bone_right_arm) {transformation: [0.768f,-0.5357f,-0.351f,-0.0851f,0.22f,-0.294f,0.9301f,2.0935f,-0.6015f,-0.7916f,-0.108f,0.2024f,0f,0f,0f,1f],start_interpolation: 0,interpolation_duration: 1}
$data merge entity $(bone_gun) {transformation: [0.3558f,-0.9062f,0.2283f,0.7776f,0.79f,0.4222f,0.4445f,1.4972f,-0.4992f,0.0222f,0.8662f,-0.2158f,0f,0f,0f,1f],start_interpolation: 0,interpolation_duration: 1}
$data merge entity $(bone_left_arm) {transformation: [0.3558f,-0.9062f,0.2283f,0.2584f,0.79f,0.4222f,0.4445f,1.8591f,-0.4992f,0.0222f,0.8662f,-0.1384f,0f,0f,0f,1f],start_interpolation: 0,interpolation_duration: 1}
$data merge entity $(bone_right_leg) {transformation: [-0.6905f,0.2476f,-0.6796f,0.0655f,0.3789f,0.9242f,-0.0483f,1.698f,0.6162f,-0.2908f,-0.732f,0.3099f,0f,0f,0f,1f],start_interpolation: 0,interpolation_duration: 1}
$data merge entity $(bone_left_leg) {transformation: [-0.0069f,0.5087f,-0.8609f,0.1247f,0.4037f,0.7891f,0.463f,1.5015f,0.9149f,-0.3443f,-0.2108f,0.1036f,0f,0f,0f,1f],start_interpolation: 0,interpolation_duration: 1}
$data merge entity $(bone_head) {transformation: [-0.5777f,0.3081f,-0.7559f,0.0775f,0.5454f,0.8347f,-0.0767f,2.1691f,0.6073f,-0.4565f,-0.6502f,-0.2016f,0f,0f,0f,1f],start_interpolation: 0,interpolation_duration: 1}
$data merge entity $(bone_body) {transformation: [-0.3135f,0.2068f,-0.9268f,0f,0.5758f,0.8175f,-0.0124f,1.8625f,0.7551f,-0.5375f,-0.3754f,0f,0f,0f,0f,1f],start_interpolation: 0,interpolation_duration: 1}
data modify entity @s data merge value {"cameras":{},"locators":{"locator":{"posx":0.7364533092769341,"posy":1.128347508586646,"posz":0.7944737547058331,"roty":287.10000141048795,"rotx":68.45750314245447},"locator2":{"posx":0.9863142015951714,"posy":1.3569155621423252,"posz":-0.28903040756733855,"roty":165.23307784032403,"rotx":26.3923624977912},"locator3":{"posx":0.23261223211410206,"posy":2.7822055281000404,"posz":-0.60469685880871,"roty":292.04955380251636,"rotx":-0.7107453004639083}}}