# This file was generated by Animated Java via MC-Build. It is not recommended to edit this file directly.
$data merge entity $(bone_sword) {transformation: [1.0393f,-0.0559f,-0.3362f,-0.0656f,0.2481f,-0.6156f,0.8694f,2.7539f,-0.2336f,-0.9023f,-0.5723f,0.7758f,0f,0f,0f,1f],start_interpolation: 0,interpolation_duration: 1}
$data merge entity $(bone_right_arm) {transformation: [0.9502f,-0.0511f,-0.3074f,-0.1665f,0.2268f,-0.5628f,0.7948f,2.4128f,-0.2136f,-0.825f,-0.5232f,0.2572f,0f,0f,0f,1f],start_interpolation: 0,interpolation_duration: 1}
$data merge entity $(bone_gun) {transformation: [0.6395f,-0.5603f,0.5264f,0.5027f,0.7098f,0.6934f,-0.1243f,1.9913f,-0.2953f,0.4531f,0.8411f,-0.4369f,0f,0f,0f,1f],start_interpolation: 0,interpolation_duration: 1}
$data merge entity $(bone_left_arm) {transformation: [0.6395f,-0.5603f,0.5264f,0.25f,0.7098f,0.6934f,-0.1243f,2.4554f,-0.2953f,0.4531f,0.8411f,-0.0801f,0f,0f,0f,1f],start_interpolation: 0,interpolation_duration: 1}
$data merge entity $(bone_right_leg) {transformation: [-0.6744f,0.3252f,-0.6629f,0.0751f,0.0165f,0.9042f,0.4269f,2.0173f,0.7382f,0.2769f,-0.6151f,0.2159f,0f,0f,0f,1f],start_interpolation: 0,interpolation_duration: 1}
$data merge entity $(bone_left_leg) {transformation: [-0.1813f,0.2846f,-0.9413f,0.257f,-0.0438f,0.9539f,0.2968f,2.0315f,0.9824f,0.0951f,-0.1605f,-0.0418f,0f,0f,0f,1f],start_interpolation: 0,interpolation_duration: 1}
$data merge entity $(bone_head) {transformation: [-0.753f,0.0272f,-0.6575f,-0.0221f,0.0434f,0.999f,-0.0083f,2.696f,0.6566f,-0.0348f,-0.7534f,-0.0498f,0f,0f,0f,1f],start_interpolation: 0,interpolation_duration: 1}
$data merge entity $(bone_body) {transformation: [-0.521f,-0.0588f,-0.8515f,0f,0.0831f,0.9894f,-0.1192f,2.325f,0.8495f,-0.1328f,-0.5106f,0f,0f,0f,0f,1f],start_interpolation: 0,interpolation_duration: 1}
data modify entity @s data merge value {"cameras":{},"locators":{"locator":{"posx":0.3090337457967428,"posy":1.785192641252518,"posz":1.4134592987400711,"roty":329.56857971715704,"rotx":52.64003949894021},"locator2":{"posx":0.6016080746916359,"posy":1.8276995482238179,"posz":-0.6158622297226081,"roty":147.96052588148638,"rotx":-7.139555748047563},"locator3":{"posx":-0.06615608195184224,"posy":3.438070069270423,"posz":-0.14941015265073787,"roty":300.94961682270167,"rotx":-6.843160669689601}}}