# This file was generated by Animated Java via MC-Build. It is not recommended to edit this file directly.
$data merge entity $(bone_sword) {transformation: [1.0002f,0.3977f,0.1943f,-0.481f,0.417f,-1.0076f,-0.084f,3.4039f,0.1484f,0.1509f,-1.0731f,0.378f,0f,0f,0f,1f],start_interpolation: 0,interpolation_duration: 1}
$data merge entity $(bone_right_arm) {transformation: [0.9144f,0.4021f,-0.0456f,-0.2868f,0.3813f,-0.8183f,0.4302f,2.8687f,0.1357f,-0.4108f,-0.9016f,0.1128f,0f,0f,0f,1f],start_interpolation: 0,interpolation_duration: 1}
$data merge entity $(bone_gun) {transformation: [0.8747f,-0.4584f,-0.1572f,0.4963f,0.2608f,0.7187f,-0.6446f,2.5276f,0.4085f,0.5228f,0.7482f,-0.353f,0f,0f,0f,1f],start_interpolation: 0,interpolation_duration: 1}
$data merge entity $(bone_left_arm) {transformation: [0.8747f,-0.4584f,-0.1572f,0.2472f,0.2608f,0.7187f,-0.6446f,2.9226f,0.4085f,0.5228f,0.7482f,0.0811f,0f,0f,0f,1f],start_interpolation: 0,interpolation_duration: 1}
$data merge entity $(bone_right_leg) {transformation: [-0.9054f,0.3981f,-0.1475f,-0.0734f,0.1578f,0.6382f,0.7535f,2.4231f,0.3941f,0.6589f,-0.6407f,0.19f,0f,0f,0f,1f],start_interpolation: 0,interpolation_duration: 1}
$data merge entity $(bone_left_leg) {transformation: [-0.718f,0.1976f,-0.6674f,0.2674f,-0.0629f,0.9365f,0.3449f,2.5229f,0.6932f,0.2897f,-0.66f,0.112f,0f,0f,0f,1f],start_interpolation: 0,interpolation_duration: 1}
$data merge entity $(bone_head) {transformation: [-0.9951f,0.0218f,-0.0963f,0.0034f,0.0223f,0.9997f,-0.0041f,3.159f,0.0961f,-0.0062f,-0.9953f,-0.051f,0f,0f,0f,1f],start_interpolation: 0,interpolation_duration: 1}
$data merge entity $(bone_body) {transformation: [-0.9195f,0.0091f,-0.393f,0f,0.0617f,0.9907f,-0.1216f,2.7875f,0.3882f,-0.1361f,-0.9115f,0f,0f,0f,0f,1f],start_interpolation: 0,interpolation_duration: 1}
data modify entity @s data merge value {"cameras":{},"locators":{"locator":{"posx":-0.6974424961716555,"posy":3.4975352810982456,"posz":1.5737483633864404,"roty":10.262209388267564,"rotx":-4.404214416627714},"locator2":{"posx":0.623163630010114,"posy":2.3982973667583516,"posz":-0.5421963538026593,"roty":191.86483737481788,"rotx":-40.13547007109516},"locator3":{"posx":0.010187795636223788,"posy":3.9019854132025182,"posz":-0.1531126140423619,"roty":336.67750708860245,"rotx":-6.9861694468365645}}}