# This file was generated by Animated Java via MC-Build. It is not recommended to edit this file directly.
$data merge entity $(bone_sword) {transformation: [0.5419f,0.4198f,0.8523f,0.0708f,0.9104f,0.0511f,-0.6041f,1.2187f,-0.2716f,1.0087f,-0.3241f,-0.6366f,0f,0f,0f,1f],start_interpolation: 0,interpolation_duration: 1}
$data merge entity $(bone_right_arm) {transformation: [0.4955f,0.3838f,0.7792f,0.3041f,0.8323f,0.0467f,-0.5523f,1.1786f,-0.2484f,0.9222f,-0.2963f,-0.054f,0f,0f,0f,1f],start_interpolation: 0,interpolation_duration: 1}
$data merge entity $(bone_gun) {transformation: [0.8109f,-0.5759f,0.1036f,0.0816f,0.4931f,0.5773f,-0.6508f,0.8414f,0.315f,0.5788f,0.7521f,-0.6516f,0f,0f,0f,1f],start_interpolation: 0,interpolation_duration: 1}
$data merge entity $(bone_left_arm) {transformation: [0.8109f,-0.5759f,0.1036f,-0.2163f,0.4931f,0.5773f,-0.6508f,1.1618f,0.315f,0.5788f,0.7521f,-0.1879f,0f,0f,0f,1f],start_interpolation: 0,interpolation_duration: 1}
$data merge entity $(bone_right_leg) {transformation: [0.7278f,-0.0619f,-0.683f,0.1279f,-0.0059f,0.9953f,-0.0965f,0.7192f,0.6857f,0.0743f,0.724f,-0.1166f,0f,0f,0f,1f],start_interpolation: 0,interpolation_duration: 1}
$data merge entity $(bone_left_leg) {transformation: [0.8953f,0.0702f,0.4399f,-0.0865f,-0.1905f,0.953f,0.2355f,0.7269f,-0.4027f,-0.2946f,0.8666f,0.0911f,0f,0f,0f,1f],start_interpolation: 0,interpolation_duration: 1}
$data merge entity $(bone_head) {transformation: [0.9762f,-0.0612f,-0.2079f,-0.0329f,0.1326f,0.9274f,0.3497f,1.4619f,0.1714f,-0.3689f,0.9135f,-0.0924f,0f,0f,0f,1f],start_interpolation: 0,interpolation_duration: 1}
$data merge entity $(bone_body) {transformation: [0.9906f,-0.0878f,0.1046f,0f,0.0586f,0.9651f,0.2551f,1.1f,-0.1233f,-0.2465f,0.9613f,0f,0f,0f,0f,1f],start_interpolation: 0,interpolation_duration: 1}
data modify entity @s data merge value {"cameras":{},"locators":{"locator":{"posx":-0.8788468152526588,"posy":1.8918359395722764,"posz":-0.27542704341907565,"roty":69.17702595011951,"rotx":-33.52390568179564},"locator2":{"posx":0.21751987673205264,"posy":0.7479036294144108,"posz":-0.8551025270236725,"roty":172.16034884353505,"rotx":-40.602303243451466},"locator3":{"posx":-0.09877206222579799,"posy":2.185792849277212,"posz":-0.27734990207702837,"roty":173.7901027654854,"rotx":14.776712487986922}}}