# This file was generated by Animated Java via MC-Build. It is not recommended to edit this file directly.
$data merge entity $(bone_sword) {transformation: [0.5284f,0.2865f,0.9138f,0.1461f,0.9377f,0.0571f,-0.5601f,1.2125f,-0.1944f,1.054f,-0.218f,-0.6258f,0f,0f,0f,1f],start_interpolation: 0,interpolation_duration: 1}
$data merge entity $(bone_right_arm) {transformation: [0.4831f,0.2619f,0.8355f,0.3057f,0.8573f,0.0522f,-0.5121f,1.1755f,-0.1777f,0.9637f,-0.1993f,-0.0186f,0f,0f,0f,1f],start_interpolation: 0,interpolation_duration: 1}
$data merge entity $(bone_gun) {transformation: [0.7556f,-0.6546f,0.0232f,0.1636f,0.511f,0.567f,-0.646f,0.8304f,0.4097f,0.5f,0.763f,-0.6317f,0f,0f,0f,1f],start_interpolation: 0,interpolation_duration: 1}
$data merge entity $(bone_left_arm) {transformation: [0.7556f,-0.6546f,0.0232f,-0.1958f,0.511f,0.567f,-0.646f,1.146f,0.4097f,0.5f,0.763f,-0.2102f,0f,0f,0f,1f],start_interpolation: 0,interpolation_duration: 1}
$data merge entity $(bone_right_leg) {transformation: [0.6436f,-0.1054f,-0.7581f,0.1503f,0.0003f,0.9905f,-0.1375f,0.7234f,0.7654f,0.0882f,0.6375f,-0.1132f,0f,0f,0f,1f],start_interpolation: 0,interpolation_duration: 1}
$data merge entity $(bone_left_leg) {transformation: [0.9399f,0.0684f,0.3345f,-0.0848f,-0.1589f,0.9548f,0.2513f,0.7087f,-0.3022f,-0.2893f,0.9083f,0.0683f,0f,0f,0f,1f],start_interpolation: 0,interpolation_duration: 1}
$data merge entity $(bone_head) {transformation: [0.9466f,-0.0473f,-0.3189f,-0.0332f,0.1576f,0.9309f,0.3297f,1.4497f,0.2812f,-0.3623f,0.8886f,-0.0912f,0f,0f,0f,1f],start_interpolation: 0,interpolation_duration: 1}
$data merge entity $(bone_body) {transformation: [0.996f,-0.0885f,-0.011f,0f,0.0885f,0.9659f,0.2432f,1.0875f,-0.011f,-0.2432f,0.9699f,0f,0f,0f,0f,1f],start_interpolation: 0,interpolation_duration: 1}
data modify entity @s data merge value {"cameras":{},"locators":{"locator":{"posx":-0.8721029363580359,"posy":1.8366580000163562,"posz":-0.382867609066191,"roty":76.58077069541004,"rotx":-30.805984081671696},"locator2":{"posx":0.3254469095129294,"posy":0.739071524361345,"posz":-0.8163433654149491,"roty":178.26080544699366,"rotx":-40.240405059471726},"locator3":{"posx":-0.09958649276570902,"posy":2.1741665545743927,"posz":-0.27361164015451406,"roty":180.64689648698157,"rotx":14.076095421806782}}}