# This file was generated by Animated Java via MC-Build. It is not recommended to edit this file directly.
$data merge entity $(bone_sword) {transformation: [0.759f,-0.2695f,0.74f,-0.5648f,0.6257f,-0.4177f,-0.7939f,4.3541f,0.4783f,0.9742f,-0.1357f,-0.2346f,0f,0f,0f,1f],start_interpolation: 0,interpolation_duration: 1}
$data merge entity $(bone_right_arm) {transformation: [0.6939f,0.509f,0.5093f,-0.306f,0.572f,-0.8193f,0.0394f,3.8051f,0.4373f,0.264f,-0.8597f,-0.07f,0f,0f,0f,1f],start_interpolation: 0,interpolation_duration: 1}
$data merge entity $(bone_gun) {transformation: [0.148f,-0.9045f,-0.4f,0.7403f,-0.0613f,0.3953f,-0.9165f,3.7432f,0.9871f,0.1602f,0.003f,0.0562f,0f,0f,0f,1f],start_interpolation: 0,interpolation_duration: 1}
$data merge entity $(bone_left_arm) {transformation: [0.148f,-0.9045f,-0.4f,0.1405f,-0.0613f,0.3953f,-0.9165f,3.8862f,0.9871f,0.1602f,0.003f,0.2183f,0f,0f,0f,1f],start_interpolation: 0,interpolation_duration: 1}
$data merge entity $(bone_right_leg) {transformation: [-0.9775f,0.0515f,0.2046f,-0.1229f,0.21f,0.1432f,0.9672f,3.3124f,0.0205f,0.9884f,-0.1508f,0.0533f,0f,0f,0f,1f],start_interpolation: 0,interpolation_duration: 1}
$data merge entity $(bone_left_leg) {transformation: [-0.975f,-0.0886f,-0.2038f,0.201f,-0.1721f,0.8811f,0.4406f,3.5128f,0.1405f,0.4647f,-0.8743f,0.2458f,0f,0f,0f,1f],start_interpolation: 0,interpolation_duration: 1}
$data merge entity $(bone_head) {transformation: [-0.8658f,-0.0801f,0.494f,-0.0056f,-0.0334f,0.9942f,0.1026f,4.1246f,-0.4993f,0.0723f,-0.8634f,-0.0154f,0f,0f,0f,1f],start_interpolation: 0,interpolation_duration: 1}
$data merge entity $(bone_body) {transformation: [-0.9761f,-0.0149f,0.2167f,0f,-0.0234f,0.999f,-0.0368f,3.75f,-0.216f,-0.041f,-0.9755f,0f,0f,0f,0f,1f],start_interpolation: 0,interpolation_duration: 1}
data modify entity @s data merge value {"cameras":{},"locators":{"locator":{"posx":-1.3893419831092884,"posy":5.238817607698615,"posz":-0.08339132114978601,"roty":79.60897565785035,"rotx":-46.5422541522892},"locator2":{"posx":0.9977043414292204,"posy":3.715988198591565,"posz":0.015881295995093567,"roty":269.56891319477046,"rotx":-66.42144980094523},"locator3":{"posx":-0.016783547764233415,"posy":4.873929249279318,"posz":-0.04611241848867633,"roty":12.524728530002989,"rotx":-2.108285369307}}}