# This file was generated by Animated Java via MC-Build. It is not recommended to edit this file directly.
$data merge entity $(bone_sword) {transformation: [0.5733f,0.2379f,0.9006f,-0.7576f,0.8898f,-0.4526f,-0.4468f,3.6552f,0.2755f,0.9669f,-0.4308f,-0.2117f,0f,0f,0f,1f],start_interpolation: 0,interpolation_duration: 1}
$data merge entity $(bone_right_arm) {transformation: [0.5241f,0.7828f,0.3355f,-0.3074f,0.8135f,-0.5767f,0.0746f,3.2425f,0.2519f,0.2339f,-0.9391f,-0.0637f,0f,0f,0f,1f],start_interpolation: 0,interpolation_duration: 1}
$data merge entity $(bone_gun) {transformation: [0.1784f,-0.8585f,-0.4808f,0.7162f,-0.0251f,0.4845f,-0.8744f,3.0982f,0.9836f,0.168f,0.0649f,0.0573f,0f,0f,0f,1f],start_interpolation: 0,interpolation_duration: 1}
$data merge entity $(bone_left_arm) {transformation: [0.1784f,-0.8585f,-0.4808f,0.1382f,-0.0251f,0.4845f,-0.8744f,3.3039f,0.9836f,0.168f,0.0649f,0.2309f,0f,0f,0f,1f],start_interpolation: 0,interpolation_duration: 1}
$data merge entity $(bone_right_leg) {transformation: [-0.9819f,0.1124f,0.1526f,-0.1206f,0.1845f,0.3839f,0.9047f,2.8047f,0.0431f,0.9165f,-0.3977f,0.0367f,0f,0f,0f,1f],start_interpolation: 0,interpolation_duration: 1}
$data merge entity $(bone_left_leg) {transformation: [-0.9704f,-0.1233f,-0.2077f,0.2072f,-0.2076f,0.8653f,0.4563f,2.9311f,0.1235f,0.4859f,-0.8653f,0.2201f,0f,0f,0f,1f],start_interpolation: 0,interpolation_duration: 1}
$data merge entity $(bone_head) {transformation: [-0.8666f,-0.1021f,0.4884f,-0.0141f,-0.002f,0.9795f,0.2013f,3.5615f,-0.499f,0.1735f,-0.8491f,0.023f,0f,0f,0f,1f],start_interpolation: 0,interpolation_duration: 1}
$data merge entity $(bone_body) {transformation: [-0.9761f,-0.0375f,0.214f,0f,-0.0234f,0.9974f,0.0678f,3.1875f,-0.216f,0.0612f,-0.9745f,0f,0f,0f,0f,1f],start_interpolation: 0,interpolation_duration: 1}
data modify entity @s data merge value {"cameras":{},"locators":{"locator":{"posx":-1.7610663194313638,"posy":4.153104961289952,"posz":0.26831166581466603,"roty":64.43672192648886,"rotx":-24.112925169628987},"locator2":{"posx":0.9684011190240893,"posy":3.0454327114146977,"posz":0.010172278302325088,"roty":262.3112244686599,"rotx":-60.977543698581556},"locator3":{"posx":-0.04217600372370841,"posy":4.309598340154686,"posz":0.06885854872123104,"roty":12.383945747437508,"rotx":3.890064663331698}}}