# This file was generated by Animated Java via MC-Build. It is not recommended to edit this file directly.
$data merge entity $(bone_sword) {transformation: [0.2721f,0.6256f,0.8549f,-0.8769f,1.0561f,-0.2291f,-0.1684f,2.902f,0.0828f,0.8674f,-0.6611f,-0.2061f,0f,0f,0f,1f],start_interpolation: 0,interpolation_duration: 1}
$data merge entity $(bone_right_arm) {transformation: [0.2487f,0.9364f,0.2475f,-0.3088f,0.9656f,-0.2597f,0.0122f,2.6792f,0.0757f,0.236f,-0.9688f,-0.0573f,0f,0f,0f,1f],start_interpolation: 0,interpolation_duration: 1}
$data merge entity $(bone_gun) {transformation: [0.156f,-0.8123f,-0.562f,0.6958f,0.0173f,0.5711f,-0.8207f,2.452f,0.9876f,0.1183f,0.1032f,0.0944f,0f,0f,0f,1f],start_interpolation: 0,interpolation_duration: 1}
$data merge entity $(bone_left_arm) {transformation: [0.156f,-0.8123f,-0.562f,0.1364f,0.0173f,0.5711f,-0.8207f,2.7203f,0.9876f,0.1183f,0.1032f,0.2413f,0f,0f,0f,1f],start_interpolation: 0,interpolation_duration: 1}
$data merge entity $(bone_right_leg) {transformation: [-0.9856f,0.146f,0.0851f,-0.1208f,0.1569f,0.603f,0.7822f,2.2951f,0.0629f,0.7843f,-0.6172f,0.0318f,0f,0f,0f,1f],start_interpolation: 0,interpolation_duration: 1}
$data merge entity $(bone_left_leg) {transformation: [-0.965f,-0.1579f,-0.2093f,0.2137f,-0.2411f,0.8479f,0.4722f,2.3523f,0.1029f,0.5062f,-0.8563f,0.1925f,0f,0f,0f,1f],start_interpolation: 0,interpolation_duration: 1}
$data merge entity $(bone_head) {transformation: [-0.8681f,-0.1235f,0.4807f,-0.0224f,0.0293f,0.9541f,0.2979f,2.9943f,-0.4955f,0.2727f,-0.8247f,0.061f,0f,0f,0f,1f],start_interpolation: 0,interpolation_duration: 1}
$data merge entity $(bone_body) {transformation: [-0.9761f,-0.0597f,0.2089f,0f,-0.0234f,0.9849f,0.1717f,2.625f,-0.216f,0.1627f,-0.9627f,0f,0f,0f,0f,1f],start_interpolation: 0,interpolation_duration: 1}
data modify entity @s data merge value {"cameras":{},"locators":{"locator":{"posx":-1.8295804251356897,"posy":3.0896395272287114,"posz":0.5304764127321115,"roty":52.28827668584128,"rotx":-8.857430919796116},"locator2":{"posx":0.9427768610895279,"posy":2.3733444877659133,"posz":0.05677689582632017,"roty":259.59684231604166,"rotx":-55.15164144499984},"locator3":{"posx":-0.06710637056049028,"posy":3.732973486801147,"posz":0.18307508726177102,"roty":12.241136707955746,"rotx":9.88839094501248}}}