# This file was generated by Animated Java via MC-Build. It is not recommended to edit this file directly.
$data merge entity $(bone_sword) {transformation: [-0.0526f,0.803f,0.7407f,-0.9129f,1.0865f,0.1162f,-0.0488f,2.1305f,-0.1145f,0.7334f,-0.8033f,-0.2271f,0f,0f,0f,1f],start_interpolation: 0,interpolation_duration: 1}
$data merge entity $(bone_right_arm) {transformation: [-0.0481f,0.9568f,0.2868f,-0.3101f,0.9933f,0.0759f,-0.0867f,2.1153f,-0.1047f,0.2808f,-0.954f,-0.0511f,0f,0f,0f,1f],start_interpolation: 0,interpolation_duration: 1}
$data merge entity $(bone_gun) {transformation: [0.0808f,-0.7551f,-0.6507f,0.6731f,0.044f,0.6549f,-0.7545f,1.8062f,0.9958f,0.0323f,0.0861f,0.1578f,0f,0f,0f,1f],start_interpolation: 0,interpolation_duration: 1}
$data merge entity $(bone_left_arm) {transformation: [0.0808f,-0.7551f,-0.6507f,0.1351f,0.044f,0.6549f,-0.7545f,2.1358f,0.9958f,0.0323f,0.0861f,0.2496f,0f,0f,0f,1f],start_interpolation: 0,interpolation_duration: 1}
$data merge entity $(bone_right_leg) {transformation: [-0.9887f,0.1496f,0.0137f,-0.1233f,0.1272f,0.785f,0.6062f,1.7817f,0.0799f,0.6011f,-0.7952f,0.038f,0f,0f,0f,1f],start_interpolation: 0,interpolation_duration: 1}
$data merge entity $(bone_left_leg) {transformation: [-0.959f,-0.192f,-0.2085f,0.2204f,-0.2722f,0.8289f,0.4887f,1.7765f,0.079f,0.5254f,-0.8472f,0.1634f,0f,0f,0f,1f],start_interpolation: 0,interpolation_duration: 1}
$data merge entity $(bone_head) {transformation: [-0.8704f,-0.1439f,0.4709f,-0.0304f,0.06f,0.9183f,0.3913f,2.4231f,-0.4888f,0.3688f,-0.7906f,0.0984f,0f,0f,0f,1f],start_interpolation: 0,interpolation_duration: 1}
$data merge entity $(bone_body) {transformation: [-0.9761f,-0.0812f,0.2015f,0f,-0.0234f,0.9615f,0.2737f,2.0625f,-0.216f,0.2625f,-0.9405f,0f,0f,0f,0f,1f],start_interpolation: 0,interpolation_duration: 1}
data modify entity @s data merge value {"cameras":{},"locators":{"locator":{"posx":-1.7382675466594613,"posy":2.184859870721921,"posz":0.6679233492864008,"roty":42.680477310276785,"rotx":-2.5584099367282356},"locator2":{"posx":0.9127318567012981,"posy":1.7014777027577552,"posz":0.1429994417215101,"roty":262.4605429859323,"rotx":-48.97954965664977},"locator3":{"posx":-0.09130150595850042,"posy":3.144209444067858,"posz":0.29528581683534544,"roty":12.092998558241447,"rotx":15.88665476058226}}}