# This file was generated by Animated Java via MC-Build. It is not recommended to edit this file directly.
$data merge entity $(bone_sword) {transformation: [-0.3033f,0.7981f,0.6836f,-0.8693f,0.9987f,0.4403f,-0.0709f,1.3746f,-0.327f,0.6046f,-0.8508f,-0.2744f,0f,0f,0f,1f],start_interpolation: 0,interpolation_duration: 1}
$data merge entity $(bone_right_arm) {transformation: [-0.2773f,0.8516f,0.4449f,-0.3114f,0.9131f,0.3777f,-0.1538f,1.5507f,-0.2989f,0.3636f,-0.8823f,-0.045f,0f,0f,0f,1f],start_interpolation: 0,interpolation_duration: 1}
$data merge entity $(bone_gun) {transformation: [-0.0388f,-0.6722f,-0.7394f,0.6377f,0.0356f,0.7385f,-0.6733f,1.1603f,0.9986f,-0.0524f,-0.0047f,0.2265f,0f,0f,0f,1f],start_interpolation: 0,interpolation_duration: 1}
$data merge entity $(bone_left_arm) {transformation: [-0.0388f,-0.6722f,-0.7394f,0.1343f,0.0356f,0.7385f,-0.6733f,1.5505f,0.9986f,-0.0524f,-0.0047f,0.2556f,0f,0f,0f,1f],start_interpolation: 0,interpolation_duration: 1}
$data merge entity $(bone_right_leg) {transformation: [-0.991f,0.1246f,-0.0495f,-0.128f,0.0959f,0.9167f,0.3879f,1.2627f,0.0937f,0.3796f,-0.9204f,0.0545f,0f,0f,0f,1f],start_interpolation: 0,interpolation_duration: 1}
$data merge entity $(bone_left_leg) {transformation: [-0.9523f,-0.2255f,-0.2054f,0.2274f,-0.3005f,0.8086f,0.5058f,1.2039f,0.052f,0.5435f,-0.8378f,0.133f,0f,0f,0f,1f],start_interpolation: 0,interpolation_duration: 1}
$data merge entity $(bone_head) {transformation: [-0.8732f,-0.1631f,0.4592f,-0.0382f,0.0897f,0.8724f,0.4805f,1.8479f,-0.479f,0.4608f,-0.7472f,0.1348f,0f,0f,0f,1f],start_interpolation: 0,interpolation_duration: 1}
$data merge entity $(bone_body) {transformation: [-0.9761f,-0.1018f,0.1919f,0f,-0.0234f,0.9276f,0.3727f,1.5f,-0.216f,0.3593f,-0.9079f,0f,0f,0f,0f,1f],start_interpolation: 0,interpolation_duration: 1}
data modify entity @s data merge value {"cameras":{},"locators":{"locator":{"posx":-1.6310827933357246,"posy":1.4536147693571082,"posz":0.6736389389243322,"roty":38.78257409509487,"rotx":-3.7187674150549825},"locator2":{"posx":0.8635432529505846,"posy":1.028279441225598,"posz":0.2399870208762746,"roty":270.3656826629908,"rotx":-42.322138816004475},"locator3":{"posx":-0.11449632295116094,"posy":2.543593966303106,"posz":0.4042613332071426,"roty":11.93572737452493,"rotx":21.88481152014892}}}