# This file was generated by Animated Java via MC-Build. It is not recommended to edit this file directly.
$data merge entity $(bone_sword) {transformation: [0.5135f,0.2159f,0.9413f,0.1843f,0.9444f,0.1104f,-0.5405f,1.1726f,-0.2017f,1.0665f,-0.1346f,-0.6241f,0f,0f,0f,1f],start_interpolation: 0,interpolation_duration: 1}
$data merge entity $(bone_right_arm) {transformation: [0.4695f,0.1974f,0.8606f,0.3053f,0.8635f,0.1009f,-0.4942f,1.1663f,-0.1844f,0.9751f,-0.1231f,-0.007f,0f,0f,0f,1f],start_interpolation: 0,interpolation_duration: 1}
$data merge entity $(bone_gun) {transformation: [0.7285f,-0.6847f,-0.0235f,0.1993f,0.5364f,0.5914f,-0.6021f,0.7855f,0.4262f,0.426f,0.7981f,-0.6019f,0f,0f,0f,1f],start_interpolation: 0,interpolation_duration: 1}
$data merge entity $(bone_left_arm) {transformation: [0.7285f,-0.6847f,-0.0235f,-0.1857f,0.5364f,0.5914f,-0.6021f,1.1228f,0.4262f,0.426f,0.7981f,-0.2217f,0f,0f,0f,1f],start_interpolation: 0,interpolation_duration: 1}
$data merge entity $(bone_right_leg) {transformation: [0.6015f,-0.1273f,-0.7887f,0.159f,0.0345f,0.9904f,-0.1335f,0.7195f,0.7981f,0.0531f,0.6001f,-0.0988f,0f,0f,0f,1f],start_interpolation: 0,interpolation_duration: 1}
$data merge entity $(bone_left_leg) {transformation: [0.9555f,0.067f,0.2872f,-0.0833f,-0.158f,0.9385f,0.307f,0.6957f,-0.249f,-0.3387f,0.9074f,0.0708f,0f,0f,0f,1f],start_interpolation: 0,interpolation_duration: 1}
$data merge entity $(bone_head) {transformation: [0.9296f,-0.0397f,-0.3664f,-0.0327f,0.1807f,0.9155f,0.3595f,1.433f,0.3212f,-0.4004f,0.8582f,-0.1069f,0f,0f,0f,1f],start_interpolation: 0,interpolation_duration: 1}
$data merge entity $(bone_body) {transformation: [0.9943f,-0.0871f,-0.062f,0f,0.1011f,0.9546f,0.2803f,1.075f,0.0347f,-0.2849f,0.9579f,0f,0f,0f,0f,1f],start_interpolation: 0,interpolation_duration: 1}
data modify entity @s data merge value {"cameras":{},"locators":{"locator":{"posx":-0.8645266168704373,"posy":1.7748731284709074,"posz":-0.4740975484497747,"roty":81.86213100433017,"rotx":-29.61599503555558},"locator2":{"posx":0.3722667718310688,"posy":0.6846972466011635,"posz":-0.7707628884088011,"roty":181.69000278484148,"rotx":-37.02159820264778},"locator3":{"posx":-0.09803479370448949,"posy":2.1488951456460086,"posz":-0.32056730242065606,"roty":183.70188290482764,"rotx":16.277383017363306}}}