# This file was generated by Animated Java via MC-Build. It is not recommended to edit this file directly.
$data merge entity $(bone_sword) {transformation: [-0.41f,0.704f,0.7298f,-0.7592f,0.8559f,0.6624f,-0.1581f,0.6603f,-0.5437f,0.5118f,-0.7992f,-0.3399f,0f,0f,0f,1f],start_interpolation: 0,interpolation_duration: 1}
$data merge entity $(bone_right_arm) {transformation: [-0.3749f,0.6436f,0.6672f,-0.3126f,0.7825f,0.6056f,-0.1445f,0.9854f,-0.4971f,0.4679f,-0.7307f,-0.0392f,0f,0f,0f,1f],start_interpolation: 0,interpolation_duration: 1}
$data merge entity $(bone_gun) {transformation: [-0.1863f,-0.5598f,-0.8074f,0.5839f,-0.0205f,0.8239f,-0.5664f,0.513f,0.9823f,-0.089f,-0.165f,0.2716f,0f,0f,0f,1f],start_interpolation: 0,interpolation_duration: 1}
$data merge entity $(bone_left_arm) {transformation: [-0.1863f,-0.5598f,-0.8074f,0.1341f,-0.0205f,0.8239f,-0.5664f,0.9647f,0.9823f,-0.089f,-0.165f,0.2593f,0f,0f,0f,1f],start_interpolation: 0,interpolation_duration: 1}
$data merge entity $(bone_right_leg) {transformation: [-0.9925f,0.0772f,-0.0945f,-0.1345f,0.0633f,0.9879f,0.1415f,0.7366f,0.1043f,0.1344f,-0.9854f,0.0801f,0f,0f,0f,1f],start_interpolation: 0,interpolation_duration: 1}
$data merge entity $(bone_left_leg) {transformation: [-0.9452f,-0.2581f,-0.2001f,0.2345f,-0.3258f,0.7871f,0.5237f,0.6346f,0.0223f,0.5602f,-0.8281f,0.1018f,0f,0f,0f,1f],start_interpolation: 0,interpolation_duration: 1}
$data merge entity $(bone_head) {transformation: [-0.8767f,-0.181f,0.4456f,-0.0455f,0.1183f,0.8169f,0.5645f,1.2688f,-0.4662f,0.5476f,-0.6948f,0.1696f,0f,0f,0f,1f],start_interpolation: 0,interpolation_duration: 1}
$data merge entity $(bone_body) {transformation: [-0.9761f,-0.1213f,0.1802f,0f,-0.0234f,0.8836f,0.4677f,0.9375f,-0.216f,0.4523f,-0.8653f,0f,0f,0f,0f,1f],start_interpolation: 0,interpolation_duration: 1}
data modify entity @s data merge value {"cameras":{},"locators":{"locator":{"posx":-1.5723468636444684,"posy":0.8364754567447076,"posz":0.5506399068236261,"roty":42.399814125887644,"rotx":-8.311026942152317},"locator2":{"posx":0.786896165951908,"posy":0.3512572365638499,"posz":0.30669955698477885,"roty":281.5478394100837,"rotx":-34.50063322170116},"locator3":{"posx":-0.13643669426967261,"posy":1.9315446546574595,"posz":0.5088076778151996,"roty":11.76459576305922,"rotx":27.882805806256478}}}
execute on vehicle unless entity @s[tag=aj.transforms_only] at @s run function animated_java:gustave/animations/counter/zzz/frames/40_root_commands