# This file was generated by Animated Java via MC-Build. It is not recommended to edit this file directly.
$data merge entity $(bone_sword) {transformation: [-0.4365f,0.6876f,0.73f,-0.7528f,0.9062f,0.6115f,-0.0342f,0.6844f,-0.4297f,0.5912f,-0.8138f,-0.3715f,0f,0f,0f,1f],start_interpolation: 0,interpolation_duration: 1}
$data merge entity $(bone_right_arm) {transformation: [-0.3991f,0.6287f,0.6674f,-0.314f,0.8285f,0.5591f,-0.0313f,0.9811f,-0.3929f,0.5405f,-0.744f,-0.0324f,0f,0f,0f,1f],start_interpolation: 0,interpolation_duration: 1}
$data merge entity $(bone_gun) {transformation: [-0.1809f,-0.583f,-0.7921f,0.5968f,-0.1507f,0.8123f,-0.5635f,0.4986f,0.9719f,0.0174f,-0.2348f,0.2145f,0f,0f,0f,1f],start_interpolation: 0,interpolation_duration: 1}
$data merge entity $(bone_left_arm) {transformation: [-0.1809f,-0.583f,-0.7921f,0.1345f,-0.1507f,0.8123f,-0.5635f,0.9352f,0.9719f,0.0174f,-0.2348f,0.2605f,0f,0f,0f,1f],start_interpolation: 0,interpolation_duration: 1}
$data merge entity $(bone_right_leg) {transformation: [-0.9836f,0.1587f,-0.0859f,-0.1285f,0.1506f,0.9841f,0.0937f,0.7243f,0.0994f,0.0792f,-0.9919f,0.054f,0f,0f,0f,1f],start_interpolation: 0,interpolation_duration: 1}
$data merge entity $(bone_left_leg) {transformation: [-0.9356f,-0.2995f,-0.1872f,0.2433f,-0.3527f,0.7649f,0.539f,0.6309f,-0.0182f,0.5703f,-0.8213f,0.0621f,0f,0f,0f,1f],start_interpolation: 0,interpolation_duration: 1}
$data merge entity $(bone_head) {transformation: [-0.882f,-0.2011f,0.4262f,-0.0539f,0.1518f,0.735f,0.6608f,1.2431f,-0.4462f,0.6475f,-0.6178f,0.2105f,0f,0f,0f,1f],start_interpolation: 0,interpolation_duration: 1}
$data merge entity $(bone_body) {transformation: [-0.9761f,-0.1438f,0.1628f,0f,-0.0234f,0.815f,0.579f,0.9375f,-0.216f,0.5614f,-0.7989f,0f,0f,0f,0f,1f],start_interpolation: 0,interpolation_duration: 1}
data modify entity @s data merge value {"cameras":{},"locators":{"locator":{"posx":-1.5662066633956058,"posy":0.722576878702243,"posz":0.5352472927592453,"roty":41.89515395816255,"rotx":-1.7939764153132072},"locator2":{"posx":0.8044802965275661,"posy":0.3395420374707079,"posz":0.22849179300899056,"roty":286.51266871021426,"rotx":-34.296672883640326},"locator3":{"posx":-0.16173340878244602,"posy":1.8543676784691698,"posz":0.6315227348735477,"roty":11.521387702797057,"rotx":35.379955268658215}}}