# This file was generated by Animated Java via MC-Build. It is not recommended to edit this file directly.
$data merge entity $(bone_sword) {transformation: [-0.4638f,0.6731f,0.7267f,-0.7472f,0.9408f,0.5505f,0.0904f,0.7125f,-0.3101f,0.6634f,-0.8124f,-0.3998f,0f,0f,0f,1f],start_interpolation: 0,interpolation_duration: 1}
$data merge entity $(bone_right_arm) {transformation: [-0.424f,0.6154f,0.6644f,-0.3153f,0.8601f,0.5033f,0.0827f,0.976f,-0.2836f,0.6065f,-0.7428f,-0.0262f,0f,0f,0f,1f],start_interpolation: 0,interpolation_duration: 1}
$data merge entity $(bone_gun) {transformation: [-0.1719f,-0.6054f,-0.7771f,0.6099f,-0.2783f,0.7866f,-0.5512f,0.492f,0.945f,0.1215f,-0.3037f,0.1561f,0f,0f,0f,1f],start_interpolation: 0,interpolation_duration: 1}
$data merge entity $(bone_left_arm) {transformation: [-0.1719f,-0.6054f,-0.7771f,0.1358f,-0.2783f,0.7866f,-0.5512f,0.9059f,0.945f,0.1215f,-0.3037f,0.2579f,0f,0f,0f,1f],start_interpolation: 0,interpolation_duration: 1}
$data merge entity $(bone_right_leg) {transformation: [-0.9635f,0.2411f,-0.1166f,-0.1222f,0.2379f,0.9704f,0.0409f,0.7156f,0.123f,0.0117f,-0.9923f,0.0265f,0f,0f,0f,1f],start_interpolation: 0,interpolation_duration: 1}
$data merge entity $(bone_left_leg) {transformation: [-0.9254f,-0.3386f,-0.1704f,0.2521f,-0.3739f,0.7422f,0.5561f,0.6325f,-0.0618f,0.5784f,-0.8134f,0.0222f,0f,0f,0f,1f],start_interpolation: 0,interpolation_duration: 1}
$data merge entity $(bone_head) {transformation: [-0.888f,-0.2185f,0.4046f,-0.0614f,0.1823f,0.6406f,0.746f,1.2122f,-0.4221f,0.7362f,-0.529f,0.2478f,0f,0f,0f,1f],start_interpolation: 0,interpolation_duration: 1}
$data merge entity $(bone_body) {transformation: [-0.9761f,-0.1638f,0.1427f,0f,-0.0234f,0.7324f,0.6804f,0.9375f,-0.216f,0.6608f,-0.7188f,0f,0f,0f,0f,1f],start_interpolation: 0,interpolation_duration: 1}
data modify entity @s data merge value {"cameras":{},"locators":{"locator":{"posx":-1.5569554720438195,"posy":0.6117869639474561,"posz":0.5054558350217251,"roty":41.81391265910426,"rotx":4.741908114679026},"locator2":{"posx":0.8220049787281273,"posy":0.33838713250708746,"posz":0.14940668953001154,"roty":291.3469946151737,"rotx":-33.4517949569559},"locator3":{"posx":-0.1842628198299797,"posy":1.7615028420985266,"posz":0.7434322628470298,"roty":11.228037600180528,"rotx":42.876516901290245}}}