# This file was generated by Animated Java via MC-Build. It is not recommended to edit this file directly.
$data merge entity $(bone_sword) {transformation: [0.5005f,0.1435f,0.9619f,0.2235f,0.9496f,0.1614f,-0.5182f,1.1337f,-0.21f,1.0722f,-0.0507f,-0.6185f,0f,0f,0f,1f],start_interpolation: 0,interpolation_duration: 1}
$data merge entity $(bone_right_arm) {transformation: [0.4576f,0.1312f,0.8794f,0.3044f,0.8682f,0.1476f,-0.4738f,1.1568f,-0.192f,0.9803f,-0.0464f,0.0048f,0f,0f,0f,1f],start_interpolation: 0,interpolation_duration: 1}
$data merge entity $(bone_gun) {transformation: [0.7011f,-0.7091f,-0.0746f,0.2328f,0.5603f,0.6126f,-0.5575f,0.7429f,0.441f,0.3491f,0.8268f,-0.5686f,0f,0f,0f,1f],start_interpolation: 0,interpolation_duration: 1}
$data merge entity $(bone_left_arm) {transformation: [0.7011f,-0.7091f,-0.0746f,-0.1748f,0.5603f,0.6126f,-0.5575f,1.0998f,0.441f,0.3491f,0.8268f,-0.2324f,0f,0f,0f,1f],start_interpolation: 0,interpolation_duration: 1}
$data merge entity $(bone_right_leg) {transformation: [0.557f,-0.1459f,-0.8176f,0.1665f,0.0678f,0.9891f,-0.1303f,0.7158f,0.8277f,0.0172f,0.5608f,-0.085f,0f,0f,0f,1f],start_interpolation: 0,interpolation_duration: 1}
$data merge entity $(bone_left_leg) {transformation: [0.9683f,0.071f,0.2397f,-0.0823f,-0.1567f,0.9195f,0.3605f,0.6826f,-0.1948f,-0.3866f,0.9015f,0.0732f,0f,0f,0f,1f],start_interpolation: 0,interpolation_duration: 1}
$data merge entity $(bone_head) {transformation: [0.9106f,-0.028f,-0.4124f,-0.0306f,0.2032f,0.8991f,0.3877f,1.4158f,0.3599f,-0.4368f,0.8244f,-0.122f,0f,0f,0f,1f],start_interpolation: 0,interpolation_duration: 1}
$data merge entity $(bone_body) {transformation: [0.9903f,-0.0815f,-0.1126f,0f,0.1135f,0.942f,0.3157f,1.0625f,0.0804f,-0.3254f,0.9421f,0f,0f,0f,0f,1f],start_interpolation: 0,interpolation_duration: 1}
data modify entity @s data merge value {"cameras":{},"locators":{"locator":{"posx":-0.8483389452476029,"posy":1.711056808283915,"posz":-0.5619239120182167,"roty":86.98016244211594,"rotx":-28.278593044578027},"locator2":{"posx":0.41587111478505634,"posy":0.6332856555745183,"posz":-0.7204838536402669,"roty":185.15315632556536,"rotx":-33.88549331629119},"locator3":{"posx":-0.09174100437656282,"posy":2.12230129205844,"posz":-0.36610081871970873,"roty":186.81681123883166,"rotx":18.40362910928485}}}