# This file was generated by Animated Java via MC-Build. It is not recommended to edit this file directly.
$data merge entity $(bone_sword) {transformation: [-0.4714f,0.5578f,0.8142f,-0.6799f,0.9019f,0.61f,0.1042f,0.6986f,-0.4009f,0.7163f,-0.7229f,-0.4671f,0f,0f,0f,1f],start_interpolation: 0,interpolation_duration: 1}
$data merge entity $(bone_right_arm) {transformation: [-0.431f,0.51f,0.7444f,-0.311f,0.8246f,0.5577f,0.0953f,0.9986f,-0.3665f,0.6549f,-0.6609f,-0.0555f,0f,0f,0f,1f],start_interpolation: 0,interpolation_duration: 1}
$data merge entity $(bone_gun) {transformation: [-0.3726f,-0.5577f,-0.7417f,0.5659f,0.0237f,0.7933f,-0.6084f,0.5097f,0.9277f,-0.2442f,-0.2824f,0.3956f,0f,0f,0f,1f],start_interpolation: 0,interpolation_duration: 1}
$data merge entity $(bone_left_arm) {transformation: [-0.3726f,-0.5577f,-0.7417f,0.1129f,0.0237f,0.7933f,-0.6084f,0.9404f,0.9277f,-0.2442f,-0.2824f,0.2701f,0f,0f,0f,1f],start_interpolation: 0,interpolation_duration: 1}
$data merge entity $(bone_right_leg) {transformation: [-0.9605f,0.2752f,0.0422f,-0.1202f,0.2771f,0.9597f,0.0468f,0.7313f,-0.0276f,0.0567f,-0.998f,0.0024f,0f,0f,0f,1f],start_interpolation: 0,interpolation_duration: 1}
$data merge entity $(bone_left_leg) {transformation: [-0.9295f,-0.3635f,-0.0633f,0.2366f,-0.3447f,0.7942f,0.5004f,0.6507f,-0.1316f,0.4869f,-0.8635f,0.0394f,0f,0f,0f,1f],start_interpolation: 0,interpolation_duration: 1}
$data merge entity $(bone_head) {transformation: [-0.9693f,-0.1908f,-0.155f,-0.0752f,-0.2458f,0.741f,0.6249f,1.2488f,-0.0044f,0.6439f,-0.7651f,0.2222f,0f,0f,0f,1f],start_interpolation: 0,interpolation_duration: 1}
$data merge entity $(bone_body) {transformation: [-0.9549f,-0.2006f,0.2188f,0f,-0.0206f,0.7803f,0.6251f,0.9563f,-0.2961f,0.5924f,-0.7492f,0f,0f,0f,0f,1f],start_interpolation: 0,interpolation_duration: 1}
data modify entity @s data merge value {"cameras":{},"locators":{"locator":{"posx":-1.5871649732140836,"posy":0.5824600817602614,"posz":0.33839792039807526,"roty":48.401070526598346,"rotx":5.467136765679177},"locator2":{"posx":0.7632797520682657,"posy":0.35887767135161375,"posz":0.4787258092431477,"roty":290.84069177610115,"rotx":-37.470677305763544},"locator3":{"posx":-0.22564262078625685,"posy":1.8340319165954098,"posz":0.6664902959404572,"roty":16.281278615633823,"rotx":38.69147853765712}}}