# This file was generated by Animated Java via MC-Build. It is not recommended to edit this file directly.
$data merge entity $(bone_sword) {transformation: [-0.4679f,0.4401f,0.8852f,-0.6074f,0.8573f,0.6683f,0.1209f,0.6846f,-0.4923f,0.7456f,-0.6309f,-0.5206f,0f,0f,0f,1f],start_interpolation: 0,interpolation_duration: 1}
$data merge entity $(bone_right_arm) {transformation: [-0.4278f,0.4024f,0.8093f,-0.3038f,0.7838f,0.6111f,0.1105f,1.0209f,-0.4501f,0.6817f,-0.5768f,-0.0845f,0f,0f,0f,1f],start_interpolation: 0,interpolation_duration: 1}
$data merge entity $(bone_gun) {transformation: [-0.5822f,-0.3901f,-0.7134f,0.4478f,0.2971f,0.7147f,-0.6332f,0.5792f,0.7568f,-0.5806f,-0.3002f,0.6275f,0f,0f,0f,1f],start_interpolation: 0,interpolation_duration: 1}
$data merge entity $(bone_left_arm) {transformation: [-0.5822f,-0.3901f,-0.7134f,0.0896f,0.2971f,0.7147f,-0.6332f,0.9752f,0.7568f,-0.5806f,-0.3002f,0.2791f,0f,0f,0f,1f],start_interpolation: 0,interpolation_duration: 1}
$data merge entity $(bone_right_leg) {transformation: [-0.9348f,0.2911f,0.2034f,-0.1155f,0.3066f,0.9506f,0.0488f,0.7437f,-0.1792f,0.108f,-0.9779f,-0.0201f,0f,0f,0f,1f],start_interpolation: 0,interpolation_duration: 1}
$data merge entity $(bone_left_leg) {transformation: [-0.9265f,-0.3731f,0.0488f,0.22f,-0.3155f,0.841f,0.4396f,0.6673f,-0.205f,0.3919f,-0.8969f,0.0542f,0f,0f,0f,1f],start_interpolation: 0,interpolation_duration: 1}
$data merge entity $(bone_head) {transformation: [-0.9655f,-0.2176f,-0.143f,-0.0846f,-0.2603f,0.7935f,0.5501f,1.284f,-0.0063f,0.5684f,-0.8228f,0.1948f,0f,0f,0f,1f],start_interpolation: 0,interpolation_duration: 1}
$data merge entity $(bone_body) {transformation: [-0.9272f,-0.2255f,0.2992f,0f,-0.0178f,0.8241f,0.5661f,0.975f,-0.3742f,0.5196f,-0.7681f,0f,0f,0f,0f,1f],start_interpolation: 0,interpolation_duration: 1}
data modify entity @s data merge value {"cameras":{},"locators":{"locator":{"posx":-1.5937649859414713,"posy":0.5498930030765763,"posz":0.1823973426139226,"roty":54.521634405308234,"rotx":6.344470590458878},"locator2":{"posx":0.6009984272803837,"posy":0.4500143371662197,"posz":0.7961357996303424,"roty":292.8247629328771,"rotx":-39.28853037726098},"locator3":{"posx":-0.2537412420277328,"posy":1.9021386939267944,"posz":0.5845119539564111,"roty":21.280244925638385,"rotx":34.480829510842085}}}