# This file was generated by Animated Java via MC-Build. It is not recommended to edit this file directly.
$data merge entity $(bone_sword) {transformation: [-0.4537f,0.3243f,0.9409f,-0.5321f,0.8073f,0.7247f,0.1395f,0.6711f,-0.582f,0.7523f,-0.54f,-0.5605f,0f,0f,0f,1f],start_interpolation: 0,interpolation_duration: 1}
$data merge entity $(bone_right_arm) {transformation: [-0.4148f,0.2965f,0.8602f,-0.294f,0.7381f,0.6626f,0.1275f,1.043f,-0.5322f,0.6878f,-0.4937f,-0.1128f,0f,0f,0f,1f],start_interpolation: 0,interpolation_duration: 1}
$data merge entity $(bone_gun) {transformation: [-0.7385f,-0.1147f,-0.6644f,0.2566f,0.5007f,0.5667f,-0.6544f,0.6962f,0.4515f,-0.8159f,-0.3611f,0.8064f,0f,0f,0f,1f],start_interpolation: 0,interpolation_duration: 1}
$data merge entity $(bone_left_arm) {transformation: [-0.7385f,-0.1147f,-0.6644f,0.0661f,0.5007f,0.5667f,-0.6544f,1.0101f,0.4515f,-0.8159f,-0.3611f,0.2851f,0f,0f,0f,1f],start_interpolation: 0,interpolation_duration: 1}
$data merge entity $(bone_right_leg) {transformation: [-0.8869f,0.2879f,0.3614f,-0.1085f,0.326f,0.9442f,0.0479f,0.7531f,-0.3274f,0.1603f,-0.9312f,-0.0405f,0f,0f,0f,1f],start_interpolation: 0,interpolation_duration: 1}
$data merge entity $(bone_left_leg) {transformation: [-0.9157f,-0.3671f,0.1632f,0.2025f,-0.2869f,0.8819f,0.374f,0.6824f,-0.2813f,0.2957f,-0.9129f,0.0668f,0f,0f,0f,1f],start_interpolation: 0,interpolation_duration: 1}
$data merge entity $(bone_head) {transformation: [-0.9646f,-0.2321f,-0.1255f,-0.0893f,-0.2638f,0.8408f,0.4727f,1.3177f,-0.0042f,0.4891f,-0.8722f,0.1665f,0f,0f,0f,1f],start_interpolation: 0,interpolation_duration: 1}
$data merge entity $(bone_body) {transformation: [-0.893f,-0.2382f,0.3818f,0f,-0.015f,0.8637f,0.5037f,0.9938f,-0.4498f,0.4441f,-0.7749f,0f,0f,0f,0f,1f],start_interpolation: 0,interpolation_duration: 1}
data modify entity @s data merge value {"cameras":{},"locators":{"locator":{"posx":-1.580492069282831,"posy":0.5156545860365495,"posz":0.04116055873153379,"roty":60.14870732919421,"rotx":7.326918468732213},"locator2":{"posx":0.3371576368413185,"posy":0.6056601657967289,"posz":1.0385576127269678,"roty":298.5229587213015,"rotx":-40.87257684449994},"locator3":{"posx":-0.2679629870239529,"posy":1.9654661945382494,"posz":0.4995883053648309,"roty":26.232090894637537,"rotx":30.245156101701866}}}