# This file was generated by Animated Java via MC-Build. It is not recommended to edit this file directly.
$data merge entity $(bone_sword) {transformation: [-0.4295f,0.2142f,0.9828f,-0.4564f,0.752f,0.7781f,0.159f,0.6586f,-0.6681f,0.7382f,-0.4528f,-0.5873f,0f,0f,0f,1f],start_interpolation: 0,interpolation_duration: 1}
$data merge entity $(bone_right_arm) {transformation: [-0.3927f,0.1958f,0.8986f,-0.2814f,0.6875f,0.7114f,0.1454f,1.0648f,-0.6108f,0.6749f,-0.414f,-0.1402f,0f,0f,0f,1f],start_interpolation: 0,interpolation_duration: 1}
$data merge entity $(bone_gun) {transformation: [-0.7921f,0.2245f,-0.5677f,0.0142f,0.6072f,0.3856f,-0.6947f,0.842f,0.063f,-0.895f,-0.4417f,0.8919f,0f,0f,0f,1f],start_interpolation: 0,interpolation_duration: 1}
$data merge entity $(bone_left_arm) {transformation: [-0.7921f,0.2245f,-0.5677f,0.0429f,0.6072f,0.3856f,-0.6947f,1.045f,0.063f,-0.895f,-0.4417f,0.2882f,0f,0f,0f,1f],start_interpolation: 0,interpolation_duration: 1}
$data merge entity $(bone_right_leg) {transformation: [-0.8177f,0.2662f,0.5105f,-0.0999f,0.3349f,0.9412f,0.0456f,0.7595f,-0.4683f,0.2083f,-0.8587f,-0.0582f,0f,0f,0f,1f],start_interpolation: 0,interpolation_duration: 1}
$data merge entity $(bone_left_leg) {transformation: [-0.8966f,-0.3455f,0.2772f,0.1844f,-0.2592f,0.9167f,0.3043f,0.6959f,-0.3592f,0.201f,-0.9114f,0.0774f,0f,0f,0f,1f],start_interpolation: 0,interpolation_duration: 1}
$data merge entity $(bone_head) {transformation: [-0.9666f,-0.2339f,-0.1045f,-0.0894f,-0.2562f,0.8825f,0.3945f,1.3496f,0f,0.4081f,-0.9129f,0.138f,0f,0f,0f,1f],start_interpolation: 0,interpolation_duration: 1}
$data merge entity $(bone_body) {transformation: [-0.8527f,-0.2383f,0.4649f,0f,-0.0123f,0.8988f,0.4381f,1.0125f,-0.5222f,0.3679f,-0.7694f,0f,0f,0f,0f,1f],start_interpolation: 0,interpolation_duration: 1}
data modify entity @s data merge value {"cameras":{},"locators":{"locator":{"posx":-1.5515344997726692,"posy":0.4814123293099771,"posz":-0.08269098907098249,"roty":65.26296609502947,"rotx":8.360192370713229},"locator2":{"posx":0.0024814453818365126,"posy":0.799917616044457,"posz":1.150127792033663,"roty":307.885990817156,"rotx":-44.0053384343689},"locator3":{"posx":-0.26805079677756355,"posy":2.0236751693204327,"posz":0.41388228676364996,"roty":31.142685052833514,"rotx":25.985325632996776}}}