# This file was generated by Animated Java via MC-Build. It is not recommended to edit this file directly.
$data merge entity $(bone_sword) {transformation: [-0.3964f,0.1131f,1.0131f,-0.3824f,0.692f,0.828f,0.1783f,0.6476f,-0.7485f,0.7056f,-0.3717f,-0.6018f,0f,0f,0f,1f],start_interpolation: 0,interpolation_duration: 1}
$data merge entity $(bone_right_arm) {transformation: [-0.3624f,0.1034f,0.9263f,-0.2662f,0.6327f,0.757f,0.1631f,1.0863f,-0.6843f,0.6452f,-0.3398f,-0.1664f,0f,0f,0f,1f],start_interpolation: 0,interpolation_duration: 1}
$data merge entity $(bone_gun) {transformation: [-0.718f,0.5619f,-0.4109f,-0.2408f,0.6082f,0.2195f,-0.7628f,0.9881f,-0.3384f,-0.7976f,-0.4993f,0.8626f,0f,0f,0f,1f],start_interpolation: 0,interpolation_duration: 1}
$data merge entity $(bone_left_arm) {transformation: [-0.718f,0.5619f,-0.4109f,0.0206f,0.6082f,0.2195f,-0.7628f,1.0799f,-0.3384f,-0.7976f,-0.4993f,0.2884f,0f,0f,0f,1f],start_interpolation: 0,interpolation_duration: 1}
$data merge entity $(bone_right_leg) {transformation: [-0.7291f,0.2281f,0.6453f,-0.0905f,0.3332f,0.9419f,0.0436f,0.7632f,-0.5979f,0.2468f,-0.7627f,-0.073f,0f,0f,0f,1f],start_interpolation: 0,interpolation_duration: 1}
$data merge entity $(bone_left_leg) {transformation: [-0.8685f,-0.3086f,0.3879f,0.1655f,-0.2326f,0.9448f,0.2307f,0.708f,-0.4377f,0.1102f,-0.8924f,0.086f,0f,0f,0f,1f],start_interpolation: 0,interpolation_duration: 1}
$data merge entity $(bone_head) {transformation: [-0.9713f,-0.223f,-0.0822f,-0.0847f,-0.2376f,0.9181f,0.3171f,1.3796f,0.0048f,0.3275f,-0.9448f,0.1099f,0f,0f,0f,1f],start_interpolation: 0,interpolation_duration: 1}
$data merge entity $(bone_body) {transformation: [-0.8065f,-0.2259f,0.5463f,0f,-0.0097f,0.9291f,0.3698f,1.0313f,-0.5911f,0.293f,-0.7515f,0f,0f,0f,0f,1f],start_interpolation: 0,interpolation_duration: 1}
data modify entity @s data merge value {"cameras":{},"locators":{"locator":{"posx":-1.511258857983003,"posy":0.44887249648152827,"posz":-0.1876538919784898,"roty":69.85415048142308,"rotx":9.384598729249934},"locator2":{"posx":-0.3491601633923681,"posy":0.9928171282764559,"posz":1.1010247542481246,"roty":320.5526366724564,"rotx":-49.711206893773024},"locator3":{"posx":-0.2540931312150676,"posy":2.076449409548383,"posz":0.32957529480990194,"roty":36.017094174227196,"rotx":21.70247799556531}}}