# This file was generated by Animated Java via MC-Build. It is not recommended to edit this file directly.
$data merge entity $(bone_sword) {transformation: [-0.356f,0.0237f,1.0339f,-0.3119f,0.6281f,0.8737f,0.1963f,0.6384f,-0.8216f,0.6576f,-0.298f,-0.6053f,0f,0f,0f,1f],start_interpolation: 0,interpolation_duration: 1}
$data merge entity $(bone_right_arm) {transformation: [-0.3255f,0.0216f,0.9453f,-0.2485f,0.5742f,0.7988f,0.1794f,1.1074f,-0.7512f,0.6012f,-0.2724f,-0.1911f,0f,0f,0f,1f],start_interpolation: 0,interpolation_duration: 1}
$data merge entity $(bone_gun) {transformation: [-0.5211f,0.8287f,-0.2044f,-0.4637f,0.5161f,0.1151f,-0.8488f,1.1032f,-0.6798f,-0.5478f,-0.4876f,0.7241f,0f,0f,0f,1f],start_interpolation: 0,interpolation_duration: 1}
$data merge entity $(bone_left_arm) {transformation: [-0.5211f,0.8287f,-0.2044f,-0.0007f,0.5161f,0.1151f,-0.8488f,1.1146f,-0.6798f,-0.5478f,-0.4876f,0.2859f,0f,0f,0f,1f],start_interpolation: 0,interpolation_duration: 1}
$data merge entity $(bone_right_leg) {transformation: [-0.6237f,0.1767f,0.7615f,-0.0811f,0.3209f,0.9461f,0.0433f,0.7643f,-0.7128f,0.2713f,-0.6468f,-0.0846f,0f,0f,0f,1f],start_interpolation: 0,interpolation_duration: 1}
$data merge entity $(bone_left_leg) {transformation: [-0.8314f,-0.2573f,0.4926f,0.146f,-0.2077f,0.966f,0.154f,0.7187f,-0.5154f,0.0257f,-0.8565f,0.0929f,0f,0f,0f,1f],start_interpolation: 0,interpolation_duration: 1}
$data merge entity $(bone_head) {transformation: [-0.978f,-0.1997f,-0.0602f,-0.0755f,-0.2084f,0.9476f,0.2422f,1.4078f,0.0087f,0.2494f,-0.9684f,0.0829f,0f,0f,0f,1f],start_interpolation: 0,interpolation_duration: 1}
$data merge entity $(bone_body) {transformation: [-0.7548f,-0.2014f,0.6243f,0f,-0.0072f,0.9542f,0.299f,1.05f,-0.6559f,0.2212f,-0.7217f,0f,0f,0f,0f,1f],start_interpolation: 0,interpolation_duration: 1}
data modify entity @s data merge value {"cameras":{},"locators":{"locator":{"posx":-1.4639482737173852,"posy":0.419717520531399,"posz":-0.27330793470051407,"roty":73.92242395984115,"rotx":10.33723749877208},"locator2":{"posx":-0.6548838082950212,"posy":1.1407298626591875,"posz":0.8991725295017958,"roty":337.2564812924303,"rotx":-58.07976015482416},"locator3":{"posx":-0.2265223479678621,"posy":2.123501074266267,"posz":0.24881332243329884,"roty":40.85989962985798,"rotx":17.398012086724197}}}