# This file was generated by Animated Java via MC-Build. It is not recommended to edit this file directly.
$data merge entity $(bone_sword) {transformation: [-0.3101f,-0.0521f,1.0476f,-0.2463f,0.5609f,0.9148f,0.2116f,0.6313f,-0.8863f,0.5972f,-0.2326f,-0.5994f,0f,0f,0f,1f],start_interpolation: 0,interpolation_duration: 1}
$data merge entity $(bone_right_arm) {transformation: [-0.2835f,-0.0477f,0.9578f,-0.2284f,0.5128f,0.8364f,0.1935f,1.1281f,-0.8103f,0.546f,-0.2127f,-0.2142f,0f,0f,0f,1f],start_interpolation: 0,interpolation_duration: 1}
$data merge entity $(bone_gun) {transformation: [-0.2326f,0.9724f,0.0196f,-0.6158f,0.3604f,0.1049f,-0.9269f,1.1624f,-0.9033f,-0.2085f,-0.3748f,0.509f,0f,0f,0f,1f],start_interpolation: 0,interpolation_duration: 1}
$data merge entity $(bone_left_arm) {transformation: [-0.2326f,0.9724f,0.0196f,-0.0205f,0.3604f,0.1049f,-0.9269f,1.149f,-0.9033f,-0.2085f,-0.3748f,0.2812f,0f,0f,0f,1f],start_interpolation: 0,interpolation_duration: 1}
$data merge entity $(bone_right_leg) {transformation: [-0.5045f,0.1162f,0.8556f,-0.0724f,0.2982f,0.9534f,0.0463f,0.7632f,-0.8103f,0.2785f,-0.5156f,-0.0931f,0f,0f,0f,1f],start_interpolation: 0,interpolation_duration: 1}
$data merge entity $(bone_left_leg) {transformation: [-0.7851f,-0.1928f,0.5886f,0.1257f,-0.1847f,0.98f,0.0747f,0.7281f,-0.5912f,-0.05f,-0.805f,0.0981f,0f,0f,0f,1f],start_interpolation: 0,interpolation_duration: 1}
$data merge entity $(bone_head) {transformation: [-0.9855f,-0.1646f,-0.0402f,-0.062f,-0.1691f,0.9706f,0.1716f,1.434f,0.0108f,0.1759f,-0.9844f,0.0579f,0f,0f,0f,1f],start_interpolation: 0,interpolation_duration: 1}
$data merge entity $(bone_body) {transformation: [-0.6979f,-0.1654f,0.6969f,0f,-0.005f,0.9741f,0.2262f,1.0688f,-0.7162f,0.1544f,-0.6806f,0f,0f,0f,0f,1f],start_interpolation: 0,interpolation_duration: 1}
data modify entity @s data merge value {"cameras":{},"locators":{"locator":{"posx":-1.4135685183620956,"posy":0.395543382234273,"posz":-0.340220418708199,"roty":77.47951816153098,"rotx":11.154518533051913},"locator2":{"posx":-0.8604459100421564,"posy":1.2085560620152629,"posz":0.5904083163035918,"roty":2.989395897242332,"rotx":-67.95651720542082},"locator3":{"posx":-0.18610461219409402,"posy":2.164575885936577,"posz":0.1736539692359551,"roty":45.675410088882245,"rotx":13.073568830994045}}}