# This file was generated by Animated Java via MC-Build. It is not recommended to edit this file directly.
$data merge entity $(bone_sword) {transformation: [-0.2606f,-0.1131f,1.0562f,-0.1867f,0.4917f,0.9512f,0.2232f,0.6265f,-0.9416f,0.528f,-0.1758f,-0.5857f,0f,0f,0f,1f],start_interpolation: 0,interpolation_duration: 1}
$data merge entity $(bone_right_arm) {transformation: [-0.2383f,-0.1034f,0.9657f,-0.2062f,0.4495f,0.8696f,0.2041f,1.1483f,-0.8609f,0.4827f,-0.1607f,-0.2352f,0f,0f,0f,1f],start_interpolation: 0,interpolation_duration: 1}
$data merge entity $(bone_gun) {transformation: [0.0991f,0.9711f,0.2173f,-0.6754f,0.182f,0.197f,-0.9634f,1.154f,-0.9783f,0.1351f,-0.1572f,0.2683f,0f,0f,0f,1f],start_interpolation: 0,interpolation_duration: 1}
$data merge entity $(bone_left_arm) {transformation: [0.0991f,0.9711f,0.2173f,-0.0385f,0.182f,0.197f,-0.9634f,1.1832f,-0.9783f,0.1351f,-0.1572f,0.2744f,0f,0f,0f,1f],start_interpolation: 0,interpolation_duration: 1}
$data merge entity $(bone_right_leg) {transformation: [-0.375f,0.0515f,0.9256f,-0.0654f,0.2656f,0.9626f,0.054f,0.7602f,-0.8882f,0.2661f,-0.3747f,-0.0987f,0f,0f,0f,1f],start_interpolation: 0,interpolation_duration: 1}
$data merge entity $(bone_left_leg) {transformation: [-0.7299f,-0.1169f,0.6735f,0.1045f,-0.1639f,0.9865f,-0.0064f,0.7363f,-0.6636f,-0.1151f,-0.7392f,0.1015f,0f,0f,0f,1f],start_interpolation: 0,interpolation_duration: 1}
$data merge entity $(bone_head) {transformation: [-0.9927f,-0.1187f,-0.0231f,-0.0446f,-0.1205f,0.987f,0.1067f,1.4582f,0.0101f,0.1087f,-0.994f,0.0353f,0f,0f,0f,1f],start_interpolation: 0,interpolation_duration: 1}
$data merge entity $(bone_body) {transformation: [-0.6361f,-0.119f,0.7623f,0f,-0.0031f,0.9884f,0.1518f,1.0875f,-0.7716f,0.0942f,-0.6291f,0f,0f,0f,0f,1f],start_interpolation: 0,interpolation_duration: 1}
data modify entity @s data merge value {"cameras":{},"locators":{"locator":{"posx":-1.3635752649649502,"posy":0.3777997851697296,"posz":-0.38980042744918253,"roty":80.54945066659783,"rotx":11.774981310798214},"locator2":{"posx":-0.9351544058938264,"posy":1.1800450973117496,"posz":0.24685354717389826,"roty":54.119647182936134,"rotx":-74.44336443251395},"locator3":{"posx":-0.13392158050547415,"posy":2.1994580457634507,"posz":0.10601563439815298,"roty":50.46780917383643,"rotx":8.73101190853195}}}