# This file was generated by Animated Java via MC-Build. It is not recommended to edit this file directly.
$data merge entity $(bone_sword) {transformation: [-0.2096f,-0.1587f,1.0617f,-0.1337f,0.4214f,0.9827f,0.2301f,0.6241f,-0.9873f,0.4532f,-0.1272f,-0.5658f,0f,0f,0f,1f],start_interpolation: 0,interpolation_duration: 1}
$data merge entity $(bone_right_arm) {transformation: [-0.1916f,-0.1451f,0.9707f,-0.1821f,0.3853f,0.8985f,0.2103f,1.1681f,-0.9027f,0.4143f,-0.1163f,-0.2541f,0f,0f,0f,1f],start_interpolation: 0,interpolation_duration: 1}
$data merge entity $(bone_gun) {transformation: [0.4216f,0.8375f,0.3475f,-0.6425f,0.0239f,0.3728f,-0.9276f,1.0838f,-0.9065f,0.3994f,0.1371f,0.0579f,0f,0f,0f,1f],start_interpolation: 0,interpolation_duration: 1}
$data merge entity $(bone_left_arm) {transformation: [0.4216f,0.8375f,0.3475f,-0.0546f,0.0239f,0.3728f,-0.9276f,1.2168f,-0.9065f,0.3994f,0.1371f,0.2659f,0f,0f,0f,1f],start_interpolation: 0,interpolation_duration: 1}
$data merge entity $(bone_right_leg) {transformation: [-0.2392f,-0.0123f,0.9709f,-0.0609f,0.2236f,0.9723f,0.0674f,0.7557f,-0.9449f,0.2332f,-0.2298f,-0.1017f,0f,0f,0f,1f],start_interpolation: 0,interpolation_duration: 1}
$data merge entity $(bone_left_leg) {transformation: [-0.6662f,-0.0313f,0.7451f,0.0824f,-0.1456f,0.9854f,-0.0887f,0.7436f,-0.7315f,-0.1676f,-0.661f,0.1031f,0f,0f,0f,1f],start_interpolation: 0,interpolation_duration: 1}
$data merge entity $(bone_head) {transformation: [-0.9979f,-0.0633f,-0.0096f,-0.0238f,-0.0637f,0.9968f,0.0491f,1.4802f,0.0065f,0.0496f,-0.9987f,0.0159f,0f,0f,0f,1f],start_interpolation: 0,interpolation_duration: 1}
$data merge entity $(bone_body) {transformation: [-0.57f,-0.0634f,0.8192f,0f,-0.0014f,0.9971f,0.0762f,1.1063f,-0.8216f,0.0423f,-0.5685f,0f,0f,0f,0f,1f],start_interpolation: 0,interpolation_duration: 1}
data modify entity @s data merge value {"cameras":{},"locators":{"locator":{"posx":-1.3167721385770923,"posy":0.36773592248168907,"posz":-0.4241166020151185,"roty":83.16849779591486,"rotx":12.142336986299153},"locator2":{"posx":-0.8789961350166053,"posy":1.0630708465665408,"posz":-0.05262123704725563,"roty":111.53792196217253,"rotx":-68.06375943131063},"locator3":{"posx":-0.0713443055180058,"posy":2.2279747252388997,"posz":0.0476301465237,"roty":55.24126244551614,"rotx":4.372406982614793}}}