# This file was generated by Animated Java via MC-Build. It is not recommended to edit this file directly.
$data merge entity $(bone_sword) {transformation: [0.4896f,0.07f,0.9756f,0.2631f,0.9532f,0.21f,-0.4935f,1.0958f,-0.2189f,1.0711f,0.033f,-0.609f,0f,0f,0f,1f],start_interpolation: 0,interpolation_duration: 1}
$data merge entity $(bone_right_arm) {transformation: [0.4476f,0.064f,0.8919f,0.303f,0.8715f,0.192f,-0.4512f,1.1472f,-0.2002f,0.9793f,0.0301f,0.0165f,0f,0f,0f,1f],start_interpolation: 0,interpolation_duration: 1}
$data merge entity $(bone_gun) {transformation: [0.6738f,-0.7275f,-0.1293f,0.2637f,0.5827f,0.6307f,-0.5125f,0.7025f,0.4544f,0.27f,0.8489f,-0.5322f,0f,0f,0f,1f],start_interpolation: 0,interpolation_duration: 1}
$data merge entity $(bone_left_arm) {transformation: [0.6738f,-0.7275f,-0.1293f,-0.163f,0.5827f,0.6307f,-0.5125f,1.077f,0.4544f,0.27f,0.8489f,-0.2421f,0f,0f,0f,1f],start_interpolation: 0,interpolation_duration: 1}
$data merge entity $(bone_right_leg) {transformation: [0.5104f,-0.1613f,-0.8447f,0.1729f,0.1001f,0.9867f,-0.1279f,0.7121f,0.8541f,-0.0192f,0.5198f,-0.0719f,0f,0f,0f,1f],start_interpolation: 0,interpolation_duration: 1}
$data merge entity $(bone_left_leg) {transformation: [0.978f,0.0805f,0.1925f,-0.0818f,-0.1549f,0.8981f,0.4116f,0.6694f,-0.1397f,-0.4324f,0.8908f,0.0755f,0f,0f,0f,1f],start_interpolation: 0,interpolation_duration: 1}
$data merge entity $(bone_head) {transformation: [0.8897f,-0.0123f,-0.4564f,-0.0269f,0.2248f,0.882f,0.4142f,1.3982f,0.3975f,-0.4711f,0.7875f,-0.1366f,0f,0f,0f,1f],start_interpolation: 0,interpolation_duration: 1}
$data merge entity $(bone_body) {transformation: [0.9841f,-0.0718f,-0.1625f,0f,0.1255f,0.9285f,0.3495f,1.05f,0.1258f,-0.3643f,0.9227f,0f,0f,0f,0f,1f],start_interpolation: 0,interpolation_duration: 1}
data modify entity @s data merge value {"cameras":{},"locators":{"locator":{"posx":-0.8239271739323762,"posy":1.6456620543156508,"posz":-0.6456936249416485,"roty":91.93485266582088,"rotx":-26.81836046797103},"locator2":{"posx":0.4556843253154931,"posy":0.5848221570347693,"posz":-0.665980618330094,"roty":188.6578058531876,"rotx":-30.83277671640128},"locator3":{"posx":-0.08079848371299259,"posy":2.094570265407647,"posz":-0.40984090285851027,"roty":189.98877609036967,"rotx":20.454976164883014}}}