# This file was generated by Animated Java via MC-Build. It is not recommended to edit this file directly.
$data merge entity $(bone_sword) {transformation: [0.4809f,-0.0038f,0.9824f,0.3029f,0.9555f,0.2561f,-0.4667f,1.0591f,-0.2283f,1.0633f,0.1159f,-0.5956f,0f,0f,0f,1f],start_interpolation: 0,interpolation_duration: 1}
$data merge entity $(bone_right_arm) {transformation: [0.4397f,-0.0035f,0.8982f,0.3013f,0.8736f,0.2341f,-0.4267f,1.1375f,-0.2088f,0.9722f,0.106f,0.0284f,0f,0f,0f,1f],start_interpolation: 0,interpolation_duration: 1}
$data merge entity $(bone_gun) {transformation: [0.6466f,-0.7396f,-0.187f,0.2917f,0.6036f,0.6459f,-0.4674f,0.6642f,0.4664f,0.1893f,0.8641f,-0.4929f,0f,0f,0f,1f],start_interpolation: 0,interpolation_duration: 1}
$data merge entity $(bone_left_arm) {transformation: [0.6466f,-0.7396f,-0.187f,-0.1506f,0.6036f,0.6459f,-0.4674f,1.0545f,0.4664f,0.1893f,0.8641f,-0.2509f,0f,0f,0f,1f],start_interpolation: 0,interpolation_duration: 1}
$data merge entity $(bone_right_leg) {transformation: [0.4621f,-0.1732f,-0.8698f,0.1783f,0.1312f,0.9833f,-0.1261f,0.7083f,0.8771f,-0.0558f,0.4771f,-0.0593f,0f,0f,0f,1f],start_interpolation: 0,interpolation_duration: 1}
$data merge entity $(bone_left_leg) {transformation: [0.9847f,0.0951f,0.1462f,-0.0818f,-0.1528f,0.8744f,0.4604f,0.6562f,-0.0841f,-0.4757f,0.8756f,0.0777f,0f,0f,0f,1f],start_interpolation: 0,interpolation_duration: 1}
$data merge entity $(bone_head) {transformation: [0.867f,0.007f,-0.4983f,-0.0218f,0.2455f,0.8642f,0.4393f,1.3803f,0.4337f,-0.5031f,0.7475f,-0.1505f,0f,0f,0f,1f],start_interpolation: 0,interpolation_duration: 1}
$data merge entity $(bone_body) {transformation: [0.9757f,-0.0581f,-0.2113f,0f,0.137f,0.9141f,0.3816f,1.0375f,0.171f,-0.4013f,0.8999f,0f,0f,0f,0f,1f],start_interpolation: 0,interpolation_duration: 1}
data modify entity @s data merge value {"cameras":{},"locators":{"locator":{"posx":-0.7917529722313394,"posy":1.579120625274367,"posz":-0.724811270326617,"roty":96.73032294482098,"rotx":-25.258655902168517},"locator2":{"posx":0.4911829124126408,"posy":0.5392615465770342,"posz":-0.6077754520764969,"roty":192.2091539474465,"rotx":-27.86351120003875},"locator3":{"posx":-0.06533816347582488,"posy":2.0658804864148035,"posz":-0.4514305035715459,"roty":193.21413328562738,"rotx":22.43210097633671}}}