# This file was generated by Animated Java via MC-Build. It is not recommended to edit this file directly.
$data merge entity $(bone_sword) {transformation: [0.4745f,-0.0774f,0.9824f,0.3424f,0.9563f,0.2995f,-0.4383f,1.0235f,-0.238f,1.0491f,0.1976f,-0.5785f,0f,0f,0f,1f],start_interpolation: 0,interpolation_duration: 1}
$data merge entity $(bone_right_arm) {transformation: [0.4338f,-0.0708f,0.8982f,0.2991f,0.8743f,0.2738f,-0.4007f,1.1275f,-0.2176f,0.9592f,0.1807f,0.0402f,0f,0f,0f,1f],start_interpolation: 0,interpolation_duration: 1}
$data merge entity $(bone_gun) {transformation: [0.6197f,-0.745f,-0.247f,0.3164f,0.6231f,0.6583f,-0.4223f,0.6281f,0.4772f,0.1078f,0.8722f,-0.4514f,0f,0f,0f,1f],start_interpolation: 0,interpolation_duration: 1}
$data merge entity $(bone_left_arm) {transformation: [0.6197f,-0.745f,-0.247f,-0.1375f,0.6231f,0.6583f,-0.4223f,1.0323f,0.4772f,0.1078f,0.8722f,-0.2588f,0f,0f,0f,1f],start_interpolation: 0,interpolation_duration: 1}
$data merge entity $(bone_right_leg) {transformation: [0.4122f,-0.1818f,-0.8928f,0.1828f,0.1612f,0.979f,-0.1249f,0.7044f,0.8967f,-0.0924f,0.4329f,-0.0474f,0f,0f,0f,1f],start_interpolation: 0,interpolation_duration: 1}
$data merge entity $(bone_left_leg) {transformation: [0.9882f,0.1147f,0.1014f,-0.0822f,-0.1506f,0.8488f,0.5068f,0.6428f,-0.0279f,-0.5161f,0.8561f,0.0796f,0f,0f,0f,1f],start_interpolation: 0,interpolation_duration: 1}
$data merge entity $(bone_head) {transformation: [0.8427f,0.03f,-0.5375f,-0.0152f,0.2652f,0.8458f,0.4628f,1.3621f,0.4685f,-0.5326f,0.7049f,-0.1635f,0f,0f,0f,1f],start_interpolation: 0,interpolation_duration: 1}
$data merge entity $(bone_body) {transformation: [0.9651f,-0.0405f,-0.2586f,0f,0.1481f,0.899f,0.4121f,1.025f,0.2158f,-0.436f,0.8737f,0f,0f,0f,0f,1f],start_interpolation: 0,interpolation_duration: 1}
data modify entity @s data merge value {"cameras":{},"locators":{"locator":{"posx":-0.7523446522392412,"posy":1.5118388398051552,"posz":-0.7987442267745947,"roty":101.37362357861004,"rotx":-23.621283625122683},"locator2":{"posx":0.5219014900392116,"posy":0.4965313788909246,"posz":-0.5464323915734429,"roty":195.81053930015614,"rotx":-24.97710512994122},"locator3":{"posx":-0.04552688895676407,"posy":2.0364014904854613,"posz":-0.49052963970152286,"roty":196.48848276105159,"rotx":24.33625381508309}}}