# This file was generated by Animated Java via MC-Build. It is not recommended to edit this file directly.
$data merge entity $(bone_sword) {transformation: [0.4704f,-0.1501f,0.9759f,0.3812f,0.9559f,0.3403f,-0.4084f,0.9891f,-0.2476f,1.0286f,0.2775f,-0.5578f,0f,0f,0f,1f],start_interpolation: 0,interpolation_duration: 1}
$data merge entity $(bone_right_arm) {transformation: [0.4301f,-0.1372f,0.8923f,0.2964f,0.8739f,0.3111f,-0.3734f,1.1173f,-0.2264f,0.9404f,0.2537f,0.052f,0f,0f,0f,1f],start_interpolation: 0,interpolation_duration: 1}
$data merge entity $(bone_gun) {transformation: [0.5932f,-0.7436f,-0.3086f,0.3374f,0.6412f,0.6682f,-0.3774f,0.5941f,0.4868f,0.026f,0.8731f,-0.4078f,0f,0f,0f,1f],start_interpolation: 0,interpolation_duration: 1}
$data merge entity $(bone_left_arm) {transformation: [0.5932f,-0.7436f,-0.3086f,-0.124f,0.6412f,0.6682f,-0.3774f,1.0105f,0.4868f,0.026f,0.8731f,-0.2656f,0f,0f,0f,1f],start_interpolation: 0,interpolation_duration: 1}
$data merge entity $(bone_right_leg) {transformation: [0.3612f,-0.1869f,-0.9136f,0.1866f,0.19f,0.9739f,-0.1242f,0.7002f,0.9129f,-0.1287f,0.3873f,-0.0362f,0f,0f,0f,1f],start_interpolation: 0,interpolation_duration: 1}
$data merge entity $(bone_left_leg) {transformation: [0.9885f,0.139f,0.0586f,-0.0831f,-0.1482f,0.8215f,0.5507f,0.6293f,0.0284f,-0.5531f,0.8327f,0.0814f,0f,0f,0f,1f],start_interpolation: 0,interpolation_duration: 1}
$data merge entity $(bone_head) {transformation: [0.8169f,0.0562f,-0.574f,-0.0072f,0.2839f,0.8271f,0.485f,1.3438f,0.5021f,-0.5592f,0.6597f,-0.1756f,0f,0f,0f,1f],start_interpolation: 0,interpolation_duration: 1}
$data merge entity $(bone_body) {transformation: [0.9524f,-0.0192f,-0.3041f,0f,0.1586f,0.8834f,0.441f,1.0125f,0.2602f,-0.4683f,0.8444f,0f,0f,0f,0f,1f],start_interpolation: 0,interpolation_duration: 1}
data modify entity @s data merge value {"cameras":{},"locators":{"locator":{"posx":-0.7062888241376566,"posy":1.4441940084295195,"posz":-0.8670269777087627,"roty":105.87366581099838,"rotx":-21.926308744245087},"locator2":{"posx":0.547437923223384,"posy":0.4565356795502397,"posz":-0.4825506000673735,"roty":199.4637612916572,"rotx":-22.17227998238993},"locator3":{"posx":-0.021565445842471123,"posy":2.006292041239189,"posz":-0.5268180998364245,"roty":199.80666589561085,"rotx":26.169290486244957}}}