# This file was generated by Animated Java via MC-Build. It is not recommended to edit this file directly.
$data merge entity $(bone_sword) {transformation: [-0.1812f,-0.2267f,1.0545f,-0.073f,0.3515f,0.9985f,0.2751f,0.8166f,-1.0197f,0.3845f,-0.0926f,-0.5425f,0f,0f,0f,1f],start_interpolation: 0,interpolation_duration: 1}
$data merge entity $(bone_right_arm) {transformation: [-0.1657f,-0.2073f,0.9641f,-0.1621f,0.3214f,0.9129f,0.2515f,1.375f,-0.9323f,0.3515f,-0.0846f,-0.2672f,0f,0f,0f,1f],start_interpolation: 0,interpolation_duration: 1}
$data merge entity $(bone_gun) {transformation: [0.6161f,0.652f,0.442f,-0.5574f,-0.1238f,0.6343f,-0.7631f,0.9448f,-0.7779f,0.4154f,0.4715f,-0.005f,0f,0f,0f,1f],start_interpolation: 0,interpolation_duration: 1}
$data merge entity $(bone_left_arm) {transformation: [0.6161f,0.652f,0.442f,-0.063f,-0.1238f,0.6343f,-0.7631f,1.25f,-0.7779f,0.4154f,0.4715f,0.2576f,0f,0f,0f,1f],start_interpolation: 0,interpolation_duration: 1}
$data merge entity $(bone_right_leg) {transformation: [-0.1006f,-0.0665f,0.9927f,-0.0616f,0.1749f,0.9811f,0.0834f,0.75f,-0.9794f,0.182f,-0.0871f,-0.1015f,0f,0f,0f,1f],start_interpolation: 0,interpolation_duration: 1}
$data merge entity $(bone_left_leg) {transformation: [-0.6288f,0.0571f,0.7755f,0.0616f,-0.1262f,0.9766f,-0.1743f,0.75f,-0.7673f,-0.2075f,-0.6068f,0.1015f,0f,0f,0f,1f],start_interpolation: 0,interpolation_duration: 1}
$data merge entity $(bone_head) {transformation: [-0.9998f,0.001f,-0.0218f,0f,0f,0.999f,0.0436f,1.5f,0.0218f,0.0436f,-0.9988f,0f,0f,0f,0f,1f],start_interpolation: 0,interpolation_duration: 1}
$data merge entity $(bone_body) {transformation: [-0.5188f,0f,0.8549f,0f,0f,1f,0f,1.125f,-0.8549f,0f,-0.5188f,0f,0f,0f,0f,1f],start_interpolation: 0,interpolation_duration: 1}
data modify entity @s data merge value {"cameras":{},"locators":{"locator":{"posx":-1.248079999033281,"posy":0.5100926869143366,"posz":-0.43935223439549975,"roty":84.98322742959536,"rotx":14.568152380305772},"locator2":{"posx":-0.7549059529600264,"posy":0.8457863961681227,"posz":-0.14567215548878118,"roty":136.8508943252072,"rotx":-49.73692317334426},"locator3":{"posx":0,"posy":2.25,"posz":0,"roty":58.750000000000014,"rotx":0}}}