# This file was generated by Animated Java via MC-Build. It is not recommended to edit this file directly.
$data merge entity $(bone_sword) {transformation: [-0.1857f,-0.2343f,1.0521f,-0.0701f,0.3515f,0.9961f,0.2838f,0.8178f,-1.0189f,0.3863f,-0.0938f,-0.5428f,0f,0f,0f,1f],start_interpolation: 0,interpolation_duration: 1}
$data merge entity $(bone_right_arm) {transformation: [-0.1698f,-0.2142f,0.9619f,-0.1633f,0.3214f,0.9107f,0.2595f,1.375f,-0.9316f,0.3532f,-0.0858f,-0.2665f,0f,0f,0f,1f],start_interpolation: 0,interpolation_duration: 1}
$data merge entity $(bone_gun) {transformation: [0.6007f,0.6586f,0.4532f,-0.5606f,-0.1342f,0.6419f,-0.7549f,0.9398f,-0.7881f,0.3927f,0.474f,0.0098f,0f,0f,0f,1f],start_interpolation: 0,interpolation_duration: 1}
$data merge entity $(bone_left_arm) {transformation: [0.6007f,0.6586f,0.4532f,-0.0619f,-0.1342f,0.6419f,-0.7549f,1.25f,-0.7881f,0.3927f,0.474f,0.2578f,0f,0f,0f,1f],start_interpolation: 0,interpolation_duration: 1}
$data merge entity $(bone_right_leg) {transformation: [-0.1006f,-0.0657f,0.9928f,-0.062f,0.1752f,0.9811f,0.0826f,0.75f,-0.9794f,0.1823f,-0.0872f,-0.1013f,0f,0f,0f,1f],start_interpolation: 0,interpolation_duration: 1}
$data merge entity $(bone_left_leg) {transformation: [-0.6355f,0.0562f,0.7701f,0.062f,-0.1255f,0.9766f,-0.1748f,0.75f,-0.7619f,-0.2077f,-0.6135f,0.1013f,0f,0f,0f,1f],start_interpolation: 0,interpolation_duration: 1}
$data merge entity $(bone_head) {transformation: [-0.9997f,0.0014f,-0.0261f,0f,0f,0.9986f,0.0523f,1.5f,0.0262f,0.0523f,-0.9983f,0f,0f,0f,0f,1f],start_interpolation: 0,interpolation_duration: 1}
$data merge entity $(bone_body) {transformation: [-0.5225f,0f,0.8526f,0f,0f,1f,0f,1.125f,-0.8526f,0f,-0.5225f,0f,0f,0f,0f,1f],start_interpolation: 0,interpolation_duration: 1}
data modify entity @s data merge value {"cameras":{},"locators":{"locator":{"posx":-1.2424431027485348,"posy":0.5015398826343329,"posz":-0.43822723517396195,"roty":84.90514963682261,"rotx":15.039716408288967},"locator2":{"posx":-0.7606909097734273,"posy":0.8382479886962315,"posz":-0.12536014664764702,"roty":136.28352388537553,"rotx":-49.01900158135028},"locator3":{"posx":0,"posy":2.25,"posz":0,"roty":58.499999999999986,"rotx":0}}}