# This file was generated by Animated Java via MC-Build. It is not recommended to edit this file directly.
$data merge entity $(bone_sword) {transformation: [-0.1879f,-0.238f,1.0509f,-0.0686f,0.3515f,0.9948f,0.2882f,0.8184f,-1.0185f,0.3872f,-0.0944f,-0.5429f,0f,0f,0f,1f],start_interpolation: 0,interpolation_duration: 1}
$data merge entity $(bone_right_arm) {transformation: [-0.1718f,-0.2176f,0.9608f,-0.1639f,0.3214f,0.9096f,0.2635f,1.375f,-0.9312f,0.3541f,-0.0863f,-0.2661f,0f,0f,0f,1f],start_interpolation: 0,interpolation_duration: 1}
$data merge entity $(bone_gun) {transformation: [0.593f,0.6617f,0.4588f,-0.5622f,-0.1395f,0.6456f,-0.7508f,0.9373f,-0.793f,0.3812f,0.4752f,0.0173f,0f,0f,0f,1f],start_interpolation: 0,interpolation_duration: 1}
$data merge entity $(bone_left_arm) {transformation: [0.593f,0.6617f,0.4588f,-0.0613f,-0.1395f,0.6456f,-0.7508f,1.25f,-0.793f,0.3812f,0.4752f,0.258f,0f,0f,0f,1f],start_interpolation: 0,interpolation_duration: 1}
$data merge entity $(bone_right_leg) {transformation: [-0.1005f,-0.0653f,0.9928f,-0.0623f,0.1754f,0.9811f,0.0822f,0.75f,-0.9793f,0.1824f,-0.0872f,-0.1011f,0f,0f,0f,1f],start_interpolation: 0,interpolation_duration: 1}
$data merge entity $(bone_left_leg) {transformation: [-0.6388f,0.0557f,0.7673f,0.0623f,-0.1251f,0.9766f,-0.1751f,0.75f,-0.7591f,-0.2079f,-0.6169f,0.1011f,0f,0f,0f,1f],start_interpolation: 0,interpolation_duration: 1}
$data merge entity $(bone_head) {transformation: [-0.9996f,0.0016f,-0.0283f,0f,0f,0.9984f,0.0567f,1.5f,0.0284f,0.0567f,-0.998f,0f,0f,0f,0f,1f],start_interpolation: 0,interpolation_duration: 1}
$data merge entity $(bone_body) {transformation: [-0.5244f,0f,0.8515f,0f,0f,1f,0f,1.125f,-0.8515f,0f,-0.5244f,0f,0f,0f,0f,1f],start_interpolation: 0,interpolation_duration: 1}
data modify entity @s data merge value {"cameras":{},"locators":{"locator":{"posx":-1.2395993543900703,"posy":0.4972889576435111,"posz":-0.4376831415111442,"roty":84.86639471978728,"rotx":15.275450031410022},"locator2":{"posx":-0.7634330833854464,"posy":0.8346041060274734,"posz":-0.11511885246262837,"roty":136.0034453948865,"rotx":-48.66206368758241},"locator3":{"posx":0,"posy":2.25,"posz":0,"roty":58.375000000000014,"rotx":0}}}