# This file was generated by Animated Java via MC-Build. It is not recommended to edit this file directly.
$data merge entity $(bone_sword) {transformation: [-0.1901f,-0.2417f,1.0496f,-0.0672f,0.3515f,0.9936f,0.2925f,0.819f,-1.0181f,0.3882f,-0.095f,-0.543f,0f,0f,0f,1f],start_interpolation: 0,interpolation_duration: 1}
$data merge entity $(bone_right_arm) {transformation: [-0.1738f,-0.221f,0.9597f,-0.1644f,0.3214f,0.9084f,0.2674f,1.375f,-0.9309f,0.3549f,-0.0869f,-0.2657f,0f,0f,0f,1f],start_interpolation: 0,interpolation_duration: 1}
$data merge entity $(bone_gun) {transformation: [0.5852f,0.6648f,0.4643f,-0.5636f,-0.1449f,0.6492f,-0.7467f,0.935f,-0.7978f,0.3697f,0.4762f,0.0248f,0f,0f,0f,1f],start_interpolation: 0,interpolation_duration: 1}
$data merge entity $(bone_left_arm) {transformation: [0.5852f,0.6648f,0.4643f,-0.0608f,-0.1449f,0.6492f,-0.7467f,1.25f,-0.7978f,0.3697f,0.4762f,0.2581f,0f,0f,0f,1f],start_interpolation: 0,interpolation_duration: 1}
$data merge entity $(bone_right_leg) {transformation: [-0.1005f,-0.0649f,0.9928f,-0.0625f,0.1756f,0.9811f,0.0819f,0.75f,-0.9793f,0.1826f,-0.0872f,-0.101f,0f,0f,0f,1f],start_interpolation: 0,interpolation_duration: 1}
$data merge entity $(bone_left_leg) {transformation: [-0.6421f,0.0553f,0.7646f,0.0625f,-0.1247f,0.9766f,-0.1754f,0.75f,-0.7564f,-0.208f,-0.6202f,0.101f,0f,0f,0f,1f],start_interpolation: 0,interpolation_duration: 1}
$data merge entity $(bone_head) {transformation: [-0.9995f,0.0019f,-0.0305f,0f,0f,0.9981f,0.061f,1.5f,0.0305f,0.061f,-0.9977f,0f,0f,0f,0f,1f],start_interpolation: 0,interpolation_duration: 1}
$data merge entity $(bone_body) {transformation: [-0.5262f,0f,0.8504f,0f,0f,1f,0f,1.125f,-0.8504f,0f,-0.5262f,0f,0f,0f,0f,1f],start_interpolation: 0,interpolation_duration: 1}
data modify entity @s data merge value {"cameras":{},"locators":{"locator":{"posx":-1.236738882896154,"posy":0.49305512543541535,"posz":-0.437151417019337,"roty":84.82783382815893,"rotx":15.511150585981868},"locator2":{"posx":-0.766074965277068,"posy":0.8310452204331209,"posz":-0.10482313174744554,"roty":135.72568621809515,"rotx":-48.30648373526677},"locator3":{"posx":0,"posy":2.25,"posz":0,"roty":58.250000000000014,"rotx":0}}}