# This file was generated by Animated Java via MC-Build. It is not recommended to edit this file directly.
$data merge entity $(bone_sword) {transformation: [-0.1923f,-0.2455f,1.0484f,-0.0657f,0.3515f,0.9923f,0.2968f,0.8196f,-1.0177f,0.3891f,-0.0956f,-0.5432f,0f,0f,0f,1f],start_interpolation: 0,interpolation_duration: 1}
$data merge entity $(bone_right_arm) {transformation: [-0.1759f,-0.2244f,0.9585f,-0.165f,0.3214f,0.9072f,0.2714f,1.375f,-0.9305f,0.3558f,-0.0874f,-0.2654f,0f,0f,0f,1f],start_interpolation: 0,interpolation_duration: 1}
$data merge entity $(bone_gun) {transformation: [0.5775f,0.6677f,0.4698f,-0.565f,-0.1504f,0.6526f,-0.7426f,0.9327f,-0.8025f,0.3581f,0.4773f,0.0323f,0f,0f,0f,1f],start_interpolation: 0,interpolation_duration: 1}
$data merge entity $(bone_left_arm) {transformation: [0.5775f,0.6677f,0.4698f,-0.0602f,-0.1504f,0.6526f,-0.7426f,1.25f,-0.8025f,0.3581f,0.4773f,0.2582f,0f,0f,0f,1f],start_interpolation: 0,interpolation_duration: 1}
$data merge entity $(bone_right_leg) {transformation: [-0.1005f,-0.0645f,0.9928f,-0.0627f,0.1758f,0.9811f,0.0815f,0.75f,-0.9793f,0.1827f,-0.0872f,-0.1008f,0f,0f,0f,1f],start_interpolation: 0,interpolation_duration: 1}
$data merge entity $(bone_left_leg) {transformation: [-0.6454f,0.0548f,0.7618f,0.0627f,-0.1243f,0.9766f,-0.1756f,0.75f,-0.7536f,-0.2081f,-0.6235f,0.1008f,0f,0f,0f,1f],start_interpolation: 0,interpolation_duration: 1}
$data merge entity $(bone_head) {transformation: [-0.9995f,0.0021f,-0.0326f,0f,0f,0.9979f,0.0654f,1.5f,0.0327f,0.0654f,-0.9973f,0f,0f,0f,0f,1f],start_interpolation: 0,interpolation_duration: 1}
$data merge entity $(bone_body) {transformation: [-0.5281f,0f,0.8492f,0f,0f,1f,0f,1.125f,-0.8492f,0f,-0.5281f,0f,0f,0f,0f,1f],start_interpolation: 0,interpolation_duration: 1}
data modify entity @s data merge value {"cameras":{},"locators":{"locator":{"posx":-1.2338617967034076,"posy":0.48883846661610786,"posz":-0.43663213475621576,"roty":84.78947052518201,"rotx":15.746817459937281},"locator2":{"posx":-0.7686165191302079,"posy":0.8275723952582765,"posz":-0.09447482510973562,"roty":135.4501860220983,"rotx":-47.95226828310852},"locator3":{"posx":0,"posy":2.25,"posz":0,"roty":58.125,"rotx":0}}}