# This file was generated by Animated Java via MC-Build. It is not recommended to edit this file directly.
$data merge entity $(bone_sword) {transformation: [-0.199f,-0.2566f,1.0444f,-0.0613f,0.3515f,0.9883f,0.3098f,0.8215f,-1.0164f,0.392f,-0.0973f,-0.5436f,0f,0f,0f,1f],start_interpolation: 0,interpolation_duration: 1}
$data merge entity $(bone_right_arm) {transformation: [-0.1819f,-0.2346f,0.9549f,-0.1668f,0.3214f,0.9036f,0.2832f,1.375f,-0.9293f,0.3584f,-0.089f,-0.2643f,0f,0f,0f,1f],start_interpolation: 0,interpolation_duration: 1}
$data merge entity $(bone_gun) {transformation: [0.554f,0.6758f,0.4862f,-0.5687f,-0.1674f,0.6625f,-0.7301f,0.9263f,-0.8155f,0.3231f,0.4801f,0.0551f,0f,0f,0f,1f],start_interpolation: 0,interpolation_duration: 1}
$data merge entity $(bone_left_arm) {transformation: [0.554f,0.6758f,0.4862f,-0.0585f,-0.1674f,0.6625f,-0.7301f,1.25f,-0.8155f,0.3231f,0.4801f,0.2586f,0f,0f,0f,1f],start_interpolation: 0,interpolation_duration: 1}
$data merge entity $(bone_right_leg) {transformation: [-0.1004f,-0.0632f,0.9929f,-0.0634f,0.1763f,0.9811f,0.0803f,0.75f,-0.9792f,0.1831f,-0.0873f,-0.1004f,0f,0f,0f,1f],start_interpolation: 0,interpolation_duration: 1}
$data merge entity $(bone_left_leg) {transformation: [-0.6553f,0.0535f,0.7535f,0.0634f,-0.1232f,0.9766f,-0.1764f,0.75f,-0.7452f,-0.2084f,-0.6334f,0.1004f,0f,0f,0f,1f],start_interpolation: 0,interpolation_duration: 1}
$data merge entity $(bone_head) {transformation: [-0.9992f,0.0031f,-0.0391f,0f,0f,0.9969f,0.0785f,1.5f,0.0393f,0.0784f,-0.9961f,0f,0f,0f,0f,1f],start_interpolation: 0,interpolation_duration: 1}
$data merge entity $(bone_body) {transformation: [-0.5336f,0f,0.8457f,0f,0f,1f,0f,1.125f,-0.8457f,0f,-0.5336f,0f,0f,0f,0f,1f],start_interpolation: 0,interpolation_duration: 1}
data modify entity @s data merge value {"cameras":{},"locators":{"locator":{"posx":-1.225131942350429,"posy":0.4762923316380263,"posz":-0.4351496616757109,"roty":84.6756022007438,"rotx":16.453609801816874},"locator2":{"posx":-0.7756392103354302,"posy":0.8176806222767581,"posz":-0.06313297231581677,"roty":134.63667542016952,"rotx":-46.89786935905182},"locator3":{"posx":0,"posy":2.25,"posz":0,"roty":57.74999999999997,"rotx":0}}}