# This file was generated by Animated Java via MC-Build. It is not recommended to edit this file directly.
$data merge entity $(bone_sword) {transformation: [-0.2012f,-0.2603f,1.0431f,-0.0599f,0.3515f,0.9869f,0.3141f,0.8221f,-1.016f,0.393f,-0.0979f,-0.5438f,0f,0f,0f,1f],start_interpolation: 0,interpolation_duration: 1}
$data merge entity $(bone_right_arm) {transformation: [-0.184f,-0.238f,0.9537f,-0.1673f,0.3214f,0.9023f,0.2872f,1.375f,-0.9289f,0.3593f,-0.0895f,-0.2639f,0f,0f,0f,1f],start_interpolation: 0,interpolation_duration: 1}
$data merge entity $(bone_gun) {transformation: [0.5461f,0.6783f,0.4916f,-0.5698f,-0.1732f,0.6656f,-0.726f,0.9242f,-0.8196f,0.3113f,0.4809f,0.0628f,0f,0f,0f,1f],start_interpolation: 0,interpolation_duration: 1}
$data merge entity $(bone_left_arm) {transformation: [0.5461f,0.6783f,0.4916f,-0.058f,-0.1732f,0.6656f,-0.726f,1.25f,-0.8196f,0.3113f,0.4809f,0.2588f,0f,0f,0f,1f],start_interpolation: 0,interpolation_duration: 1}
$data merge entity $(bone_right_leg) {transformation: [-0.1004f,-0.0628f,0.993f,-0.0636f,0.1765f,0.9811f,0.0799f,0.75f,-0.9792f,0.1832f,-0.0874f,-0.1003f,0f,0f,0f,1f],start_interpolation: 0,interpolation_duration: 1}
$data merge entity $(bone_left_leg) {transformation: [-0.6586f,0.053f,0.7506f,0.0636f,-0.1228f,0.9766f,-0.1767f,0.75f,-0.7424f,-0.2086f,-0.6366f,0.1003f,0f,0f,0f,1f],start_interpolation: 0,interpolation_duration: 1}
$data merge entity $(bone_head) {transformation: [-0.9991f,0.0034f,-0.0413f,0f,0f,0.9966f,0.0828f,1.5f,0.0414f,0.0827f,-0.9957f,0f,0f,0f,0f,1f],start_interpolation: 0,interpolation_duration: 1}
$data merge entity $(bone_body) {transformation: [-0.5355f,0f,0.8446f,0f,0f,1f,0f,1.125f,-0.8446f,0f,-0.5355f,0f,0f,0f,0f,1f],start_interpolation: 0,interpolation_duration: 1}
data modify entity @s data merge value {"cameras":{},"locators":{"locator":{"posx":-1.2221894924323062,"posy":0.47214516587247546,"posz":-0.434680865227507,"roty":84.63806544909919,"rotx":16.689135731059853},"locator2":{"posx":-0.77777957023832,"posy":0.8145622792088414,"posz":-0.05259296029643806,"roty":134.36965955489987,"rotx":-46.54917067253468},"locator3":{"posx":0,"posy":2.25,"posz":0,"roty":57.625,"rotx":0}}}