# This file was generated by Animated Java via MC-Build. It is not recommended to edit this file directly.
$data merge entity $(bone_sword) {transformation: [-0.1634f,-0.1964f,1.0635f,-0.0849f,0.3515f,1.0075f,0.2401f,0.8125f,-1.0228f,0.3777f,-0.0874f,-0.5417f,0f,0f,0f,1f],start_interpolation: 0,interpolation_duration: 1}
$data merge entity $(bone_right_arm) {transformation: [-0.1494f,-0.1796f,0.9723f,-0.1574f,0.3214f,0.9212f,0.2195f,1.375f,-0.9351f,0.3453f,-0.0799f,-0.2699f,0f,0f,0f,1f],start_interpolation: 0,interpolation_duration: 1}
$data merge entity $(bone_gun) {transformation: [0.676f,0.6214f,0.3961f,-0.5415f,-0.0861f,0.6004f,-0.7951f,0.9671f,-0.7319f,0.5033f,0.4593f,-0.0627f,0f,0f,0f,1f],start_interpolation: 0,interpolation_duration: 1}
$data merge entity $(bone_left_arm) {transformation: [0.676f,0.6214f,0.3961f,-0.0675f,-0.0861f,0.6004f,-0.7951f,1.25f,-0.7319f,0.5033f,0.4593f,0.2564f,0f,0f,0f,1f],start_interpolation: 0,interpolation_duration: 1}
$data merge entity $(bone_right_leg) {transformation: [-0.1009f,-0.0696f,0.9925f,-0.0598f,0.1734f,0.9811f,0.0864f,0.75f,-0.9797f,0.1808f,-0.0869f,-0.1026f,0f,0f,0f,1f],start_interpolation: 0,interpolation_duration: 1}
$data merge entity $(bone_left_leg) {transformation: [-0.6015f,0.0607f,0.7966f,0.0598f,-0.1293f,0.9766f,-0.172f,0.75f,-0.7884f,-0.2064f,-0.5795f,0.1026f,0f,0f,0f,1f],start_interpolation: 0,interpolation_duration: 1}
$data merge entity $(bone_head) {transformation: [-1f,0f,-0.0044f,0f,0f,1f,0.0087f,1.5f,0.0044f,0.0087f,-1f,0f,0f,0f,0f,1f],start_interpolation: 0,interpolation_duration: 1}
$data merge entity $(bone_body) {transformation: [-0.5038f,0f,0.8638f,0f,0f,1f,0f,1.125f,-0.8638f,0f,-0.5038f,0f,0f,0f,0f,1f],start_interpolation: 0,interpolation_duration: 1}
data modify entity @s data merge value {"cameras":{},"locators":{"locator":{"posx":-1.2699373520533108,"posy":0.5449712715756511,"posz":-0.4443319231986204,"roty":85.30260502805196,"rotx":12.680692693907984},"locator2":{"posx":-0.7277782934340323,"posy":0.8791143462151482,"posz":-0.22438414286065916,"roty":139.22734786581077,"rotx":-52.661357462220735},"locator3":{"posx":0,"posy":2.25,"posz":0,"roty":59.750000000000014,"rotx":0}}}