# This file was generated by Animated Java via MC-Build. It is not recommended to edit this file directly.
$data merge entity $(bone_sword) {transformation: [-0.2034f,-0.264f,1.0417f,-0.0584f,0.3515f,0.9856f,0.3184f,0.8228f,-1.0155f,0.394f,-0.0985f,-0.5439f,0f,0f,0f,1f],start_interpolation: 0,interpolation_duration: 1}
$data merge entity $(bone_right_arm) {transformation: [-0.186f,-0.2414f,0.9524f,-0.1679f,0.3214f,0.9011f,0.2911f,1.375f,-0.9285f,0.3603f,-0.09f,-0.2636f,0f,0f,0f,1f],start_interpolation: 0,interpolation_duration: 1}
$data merge entity $(bone_gun) {transformation: [0.5382f,0.6807f,0.497f,-0.5708f,-0.179f,0.6686f,-0.7218f,0.9223f,-0.8236f,0.2995f,0.4817f,0.0705f,0f,0f,0f,1f],start_interpolation: 0,interpolation_duration: 1}
$data merge entity $(bone_left_arm) {transformation: [0.5382f,0.6807f,0.497f,-0.0574f,-0.179f,0.6686f,-0.7218f,1.25f,-0.8236f,0.2995f,0.4817f,0.2589f,0f,0f,0f,1f],start_interpolation: 0,interpolation_duration: 1}
$data merge entity $(bone_right_leg) {transformation: [-0.1003f,-0.0624f,0.993f,-0.0638f,0.1766f,0.9811f,0.0795f,0.75f,-0.9792f,0.1834f,-0.0874f,-0.1002f,0f,0f,0f,1f],start_interpolation: 0,interpolation_duration: 1}
$data merge entity $(bone_left_leg) {transformation: [-0.6618f,0.0525f,0.7478f,0.0638f,-0.1224f,0.9766f,-0.177f,0.75f,-0.7396f,-0.2087f,-0.6399f,0.1002f,0f,0f,0f,1f],start_interpolation: 0,interpolation_duration: 1}
$data merge entity $(bone_head) {transformation: [-0.999f,0.0038f,-0.0435f,0f,0f,0.9962f,0.0872f,1.5f,0.0436f,0.0871f,-0.9952f,0f,0f,0f,0f,1f],start_interpolation: 0,interpolation_duration: 1}
$data merge entity $(bone_body) {transformation: [-0.5373f,0f,0.8434f,0f,0f,1f,0f,1.125f,-0.8434f,0f,-0.5373f,0f,0f,0f,0f,1f],start_interpolation: 0,interpolation_duration: 1}
data modify entity @s data merge value {"cameras":{},"locators":{"locator":{"posx":-1.2192309779857744,"posy":0.46801557159120216,"posz":-0.43422486601003063,"roty":84.60074453069797,"rotx":16.924624842220037},"locator2":{"posx":-0.7798197814867851,"posy":0.8115350163055252,"posz":-0.042009735549236815,"roty":134.10463879223772,"rotx":-46.201864225770564},"locator3":{"posx":0,"posy":2.25,"posz":0,"roty":57.5,"rotx":0}}}