# This file was generated by Animated Java via MC-Build. It is not recommended to edit this file directly.
$data merge entity $(bone_sword) {transformation: [-0.1968f,-0.2529f,1.0458f,-0.0628f,0.3515f,0.9896f,0.3055f,0.8208f,-1.0169f,0.3911f,-0.0968f,-0.5435f,0f,0f,0f,1f],start_interpolation: 0,interpolation_duration: 1}
$data merge entity $(bone_right_arm) {transformation: [-0.1799f,-0.2312f,0.9561f,-0.1662f,0.3214f,0.9048f,0.2793f,1.375f,-0.9297f,0.3575f,-0.0885f,-0.2647f,0f,0f,0f,1f],start_interpolation: 0,interpolation_duration: 1}
$data merge entity $(bone_gun) {transformation: [0.5618f,0.6732f,0.4808f,-0.5675f,-0.1616f,0.6593f,-0.7343f,0.9283f,-0.8113f,0.3348f,0.4792f,0.0475f,0f,0f,0f,1f],start_interpolation: 0,interpolation_duration: 1}
$data merge entity $(bone_left_arm) {transformation: [0.5618f,0.6732f,0.4808f,-0.0591f,-0.1616f,0.6593f,-0.7343f,1.25f,-0.8113f,0.3348f,0.4792f,0.2585f,0f,0f,0f,1f],start_interpolation: 0,interpolation_duration: 1}
$data merge entity $(bone_right_leg) {transformation: [-0.1004f,-0.0636f,0.9929f,-0.0631f,0.1761f,0.9811f,0.0807f,0.75f,-0.9792f,0.183f,-0.0873f,-0.1006f,0f,0f,0f,1f],start_interpolation: 0,interpolation_duration: 1}
$data merge entity $(bone_left_leg) {transformation: [-0.652f,0.0539f,0.7563f,0.0631f,-0.1236f,0.9766f,-0.1762f,0.75f,-0.7481f,-0.2083f,-0.6301f,0.1006f,0f,0f,0f,1f],start_interpolation: 0,interpolation_duration: 1}
$data merge entity $(bone_head) {transformation: [-0.9993f,0.0027f,-0.037f,0f,0f,0.9973f,0.0741f,1.5f,0.0371f,0.0741f,-0.9966f,0f,0f,0f,0f,1f],start_interpolation: 0,interpolation_duration: 1}
$data merge entity $(bone_body) {transformation: [-0.5318f,0f,0.8469f,0f,0f,1f,0f,1.125f,-0.8469f,0f,-0.5318f,0f,0f,0f,0f,1f],start_interpolation: 0,interpolation_duration: 1}
data modify entity @s data merge value {"cameras":{},"locators":{"locator":{"posx":-1.2280582166565268,"posy":0.4804569899317963,"posz":-0.43563118573672466,"roty":84.71335107762425,"rotx":16.218047692631718},"locator2":{"posx":-0.7733986178025786,"posy":0.8208890819962682,"posz":-0.07362787581371194,"roty":134.9057345061465,"rotx":-47.2479553879388},"locator3":{"posx":0,"posy":2.25,"posz":0,"roty":57.875,"rotx":0}}}