# This file was generated by Animated Java via MC-Build. It is not recommended to edit this file directly.
$data merge entity $(bone_sword) {transformation: [-0.1946f,-0.2492f,1.0471f,-0.0642f,0.3515f,0.991f,0.3012f,0.8202f,-1.0173f,0.3901f,-0.0962f,-0.5433f,0f,0f,0f,1f],start_interpolation: 0,interpolation_duration: 1}
$data merge entity $(bone_right_arm) {transformation: [-0.1779f,-0.2278f,0.9573f,-0.1656f,0.3214f,0.906f,0.2753f,1.375f,-0.9301f,0.3567f,-0.0879f,-0.265f,0f,0f,0f,1f],start_interpolation: 0,interpolation_duration: 1}
$data merge entity $(bone_gun) {transformation: [0.5696f,0.6705f,0.4753f,-0.5663f,-0.156f,0.656f,-0.7384f,0.9305f,-0.807f,0.3465f,0.4783f,0.0399f,0f,0f,0f,1f],start_interpolation: 0,interpolation_duration: 1}
$data merge entity $(bone_left_arm) {transformation: [0.5696f,0.6705f,0.4753f,-0.0596f,-0.156f,0.656f,-0.7384f,1.25f,-0.807f,0.3465f,0.4783f,0.2584f,0f,0f,0f,1f],start_interpolation: 0,interpolation_duration: 1}
$data merge entity $(bone_right_leg) {transformation: [-0.1004f,-0.0641f,0.9929f,-0.0629f,0.1759f,0.9811f,0.0811f,0.75f,-0.9793f,0.1828f,-0.0873f,-0.1007f,0f,0f,0f,1f],start_interpolation: 0,interpolation_duration: 1}
$data merge entity $(bone_left_leg) {transformation: [-0.6487f,0.0544f,0.7591f,0.0629f,-0.124f,0.9766f,-0.1759f,0.75f,-0.7508f,-0.2082f,-0.6268f,0.1007f,0f,0f,0f,1f],start_interpolation: 0,interpolation_duration: 1}
$data merge entity $(bone_head) {transformation: [-0.9994f,0.0024f,-0.0348f,0f,0f,0.9976f,0.0698f,1.5f,0.0349f,0.0697f,-0.997f,0f,0f,0f,0f,1f],start_interpolation: 0,interpolation_duration: 1}
$data merge entity $(bone_body) {transformation: [-0.5299f,0f,0.848f,0f,0f,1f,0f,1.125f,-0.848f,0f,-0.5299f,0f,0f,0f,0f,1f],start_interpolation: 0,interpolation_duration: 1}
data modify entity @s data merge value {"cameras":{},"locators":{"locator":{"posx":-1.230968204787096,"posy":0.4846390614646946,"posz":-0.43612536709812205,"roty":84.75130840187781,"rotx":15.982450036210684},"locator2":{"posx":-0.7710577326973715,"posy":0.8241866743895241,"posz":-0.08407578511167682,"roty":135.17688715187157,"rotx":-47.59942354302206},"locator3":{"posx":0,"posy":2.25,"posz":0,"roty":58.000000000000014,"rotx":0}}}