# This file was generated by Animated Java via MC-Build. It is not recommended to edit this file directly.
$data merge entity $(bone_sword) {transformation: [-0.1834f,-0.2305f,1.0533f,-0.0716f,0.3515f,0.9973f,0.2795f,0.8172f,-1.0193f,0.3854f,-0.0932f,-0.5426f,0f,0f,0f,1f],start_interpolation: 0,interpolation_duration: 1}
$data merge entity $(bone_right_arm) {transformation: [-0.1677f,-0.2107f,0.963f,-0.1627f,0.3214f,0.9118f,0.2555f,1.375f,-0.932f,0.3524f,-0.0852f,-0.2668f,0f,0f,0f,1f],start_interpolation: 0,interpolation_duration: 1}
$data merge entity $(bone_gun) {transformation: [0.6084f,0.6553f,0.4476f,-0.559f,-0.129f,0.6382f,-0.759f,0.9422f,-0.7831f,0.404f,0.4728f,0.0024f,0f,0f,0f,1f],start_interpolation: 0,interpolation_duration: 1}
$data merge entity $(bone_left_arm) {transformation: [0.6084f,0.6553f,0.4476f,-0.0625f,-0.129f,0.6382f,-0.759f,1.25f,-0.7831f,0.404f,0.4728f,0.2577f,0f,0f,0f,1f],start_interpolation: 0,interpolation_duration: 1}
$data merge entity $(bone_right_leg) {transformation: [-0.1006f,-0.0661f,0.9927f,-0.0618f,0.1751f,0.9811f,0.083f,0.75f,-0.9794f,0.1821f,-0.0871f,-0.1014f,0f,0f,0f,1f],start_interpolation: 0,interpolation_duration: 1}
$data merge entity $(bone_left_leg) {transformation: [-0.6321f,0.0567f,0.7728f,0.0618f,-0.1259f,0.9766f,-0.1745f,0.75f,-0.7646f,-0.2076f,-0.6102f,0.1014f,0f,0f,0f,1f],start_interpolation: 0,interpolation_duration: 1}
$data merge entity $(bone_head) {transformation: [-0.9997f,0.0012f,-0.024f,0f,0f,0.9988f,0.048f,1.5f,0.024f,0.048f,-0.9986f,0f,0f,0f,0f,1f],start_interpolation: 0,interpolation_duration: 1}
$data merge entity $(bone_body) {transformation: [-0.5206f,0f,0.8538f,0f,0f,1f,0f,1.125f,-0.8538f,0f,-0.5206f,0f,0f,0f,0f,1f],start_interpolation: 0,interpolation_duration: 1}
data modify entity @s data merge value {"cameras":{},"locators":{"locator":{"posx":-1.2452700200781464,"posy":0.5058078194763964,"posz":-0.4387836242721495,"roty":84.94409504322512,"rotx":14.80395032379274},"locator2":{"posx":-0.7578485048219155,"posy":0.841975785899042,"posz":-0.13554518610309677,"roty":136.56598483182464,"rotx":-49.37729050266191},"locator3":{"posx":0,"posy":2.25,"posz":0,"roty":58.624999999999986,"rotx":0}}}