# This file was generated by Animated Java via MC-Build. It is not recommended to edit this file directly.
$data merge entity $(bone_sword) {transformation: [-0.179f,-0.223f,1.0557f,-0.0745f,0.3515f,0.9997f,0.2708f,0.8161f,-1.0201f,0.3836f,-0.0919f,-0.5424f,0f,0f,0f,1f],start_interpolation: 0,interpolation_duration: 1}
$data merge entity $(bone_right_arm) {transformation: [-0.1637f,-0.2039f,0.9652f,-0.1615f,0.3214f,0.914f,0.2475f,1.375f,-0.9327f,0.3507f,-0.0841f,-0.2675f,0f,0f,0f,1f],start_interpolation: 0,interpolation_duration: 1}
$data merge entity $(bone_gun) {transformation: [0.6237f,0.6485f,0.4364f,-0.5556f,-0.1188f,0.6304f,-0.7671f,0.9473f,-0.7726f,0.4266f,0.4702f,-0.0123f,0f,0f,0f,1f],start_interpolation: 0,interpolation_duration: 1}
$data merge entity $(bone_left_arm) {transformation: [0.6237f,0.6485f,0.4364f,-0.0636f,-0.1188f,0.6304f,-0.7671f,1.25f,-0.7726f,0.4266f,0.4702f,0.2574f,0f,0f,0f,1f],start_interpolation: 0,interpolation_duration: 1}
$data merge entity $(bone_right_leg) {transformation: [-0.1007f,-0.0668f,0.9927f,-0.0614f,0.1747f,0.9811f,0.0838f,0.75f,-0.9795f,0.1819f,-0.0871f,-0.1017f,0f,0f,0f,1f],start_interpolation: 0,interpolation_duration: 1}
$data merge entity $(bone_left_leg) {transformation: [-0.6254f,0.0576f,0.7782f,0.0614f,-0.1266f,0.9766f,-0.174f,0.75f,-0.77f,-0.2074f,-0.6035f,0.1017f,0f,0f,0f,1f],start_interpolation: 0,interpolation_duration: 1}
$data merge entity $(bone_head) {transformation: [-0.9998f,0.0008f,-0.0196f,0f,0f,0.9992f,0.0393f,1.5f,0.0196f,0.0393f,-0.999f,0f,0f,0f,0f,1f],start_interpolation: 0,interpolation_duration: 1}
$data merge entity $(bone_body) {transformation: [-0.5169f,0f,0.856f,0f,0f,1f,0f,1.125f,-0.856f,0f,-0.5169f,0f,0f,0f,0f,1f],start_interpolation: 0,interpolation_duration: 1}
data modify entity @s data merge value {"cameras":{},"locators":{"locator":{"posx":-1.2508729328206232,"posy":0.5143944033704535,"posz":-0.4399329904626673,"roty":85.02254331261696,"rotx":14.332323175525028},"locator2":{"posx":-0.7518633626436503,"posy":0.8496786993805663,"posz":-0.1557392527718492,"roty":137.13832155298337,"rotx":-50.09789194120223},"locator3":{"posx":0,"posy":2.25,"posz":0,"roty":58.87500000000003,"rotx":0}}}