# This file was generated by Animated Java via MC-Build. It is not recommended to edit this file directly.
$data merge entity $(bone_sword) {transformation: [-0.1701f,-0.2078f,1.0603f,-0.0804f,0.3515f,1.0043f,0.2533f,0.814f,-1.0217f,0.3801f,-0.0894f,-0.542f,0f,0f,0f,1f],start_interpolation: 0,interpolation_duration: 1}
$data merge entity $(bone_right_arm) {transformation: [-0.1555f,-0.19f,0.9694f,-0.1592f,0.3214f,0.9182f,0.2316f,1.375f,-0.9341f,0.3476f,-0.0817f,-0.2689f,0f,0f,0f,1f],start_interpolation: 0,interpolation_duration: 1}
$data merge entity $(bone_gun) {transformation: [0.6538f,0.6337f,0.4135f,-0.548f,-0.0995f,0.6137f,-0.7832f,0.9583f,-0.7501f,0.4709f,0.4643f,-0.0414f,0f,0f,0f,1f],start_interpolation: 0,interpolation_duration: 1}
$data merge entity $(bone_left_arm) {transformation: [0.6538f,0.6337f,0.4135f,-0.0658f,-0.0995f,0.6137f,-0.7832f,1.25f,-0.7501f,0.4709f,0.4643f,0.2569f,0f,0f,0f,1f],start_interpolation: 0,interpolation_duration: 1}
$data merge entity $(bone_right_leg) {transformation: [-0.1008f,-0.0684f,0.9926f,-0.0605f,0.174f,0.9811f,0.0853f,0.75f,-0.9796f,0.1813f,-0.087f,-0.1022f,0f,0f,0f,1f],start_interpolation: 0,interpolation_duration: 1}
$data merge entity $(bone_left_leg) {transformation: [-0.6118f,0.0594f,0.7888f,0.0605f,-0.1281f,0.9766f,-0.1729f,0.75f,-0.7806f,-0.2068f,-0.5898f,0.1022f,0f,0f,0f,1f],start_interpolation: 0,interpolation_duration: 1}
$data merge entity $(bone_head) {transformation: [-0.9999f,0.0002f,-0.0109f,0f,0f,0.9998f,0.0218f,1.5f,0.0109f,0.0218f,-0.9997f,0f,0f,0f,0f,1f],start_interpolation: 0,interpolation_duration: 1}
$data merge entity $(bone_body) {transformation: [-0.5094f,0f,0.8605f,0f,0f,1f,0f,1.125f,-0.8605f,0f,-0.5094f,0f,0f,0f,0f,1f],start_interpolation: 0,interpolation_duration: 1}
data modify entity @s data merge value {"cameras":{},"locators":{"locator":{"posx":-1.261872100008521,"posy":0.5317681166281508,"posz":-0.4423759492472148,"roty":85.18157302720188,"rotx":13.388705538942887},"locator2":{"posx":-0.7386956251159694,"posy":0.8660418018942572,"posz":-0.19537337081985057,"roty":138.31470899127413,"rotx":-51.554961238386745},"locator3":{"posx":0,"posy":2.25,"posz":0,"roty":59.374999999999986,"rotx":0}}}