# This file was generated by Animated Java via MC-Build. It is not recommended to edit this file directly.
$data merge entity $(bone_sword) {transformation: [-0.1679f,-0.204f,1.0614f,-0.0819f,0.3515f,1.0054f,0.2489f,0.8135f,-1.022f,0.3793f,-0.0887f,-0.5419f,0f,0f,0f,1f],start_interpolation: 0,interpolation_duration: 1}
$data merge entity $(bone_right_arm) {transformation: [-0.1535f,-0.1866f,0.9704f,-0.1586f,0.3214f,0.9192f,0.2275f,1.375f,-0.9344f,0.3468f,-0.0811f,-0.2693f,0f,0f,0f,1f],start_interpolation: 0,interpolation_duration: 1}
$data merge entity $(bone_gun) {transformation: [0.6612f,0.6297f,0.4077f,-0.5459f,-0.0949f,0.6094f,-0.7872f,0.9612f,-0.7441f,0.4818f,0.4627f,-0.0485f,0f,0f,0f,1f],start_interpolation: 0,interpolation_duration: 1}
$data merge entity $(bone_left_arm) {transformation: [0.6612f,0.6297f,0.4077f,-0.0664f,-0.0949f,0.6094f,-0.7872f,1.25f,-0.7441f,0.4818f,0.4627f,0.2567f,0f,0f,0f,1f],start_interpolation: 0,interpolation_duration: 1}
$data merge entity $(bone_right_leg) {transformation: [-0.1008f,-0.0688f,0.9925f,-0.0603f,0.1738f,0.9811f,0.0857f,0.75f,-0.9796f,0.1811f,-0.0869f,-0.1023f,0f,0f,0f,1f],start_interpolation: 0,interpolation_duration: 1}
$data merge entity $(bone_left_leg) {transformation: [-0.6084f,0.0598f,0.7914f,0.0603f,-0.1285f,0.9766f,-0.1726f,0.75f,-0.7832f,-0.2067f,-0.5864f,0.1023f,0f,0f,0f,1f],start_interpolation: 0,interpolation_duration: 1}
$data merge entity $(bone_head) {transformation: [-1f,0.0002f,-0.0087f,0f,0f,0.9998f,0.0175f,1.5f,0.0087f,0.0175f,-0.9998f,0f,0f,0f,0f,1f],start_interpolation: 0,interpolation_duration: 1}
$data merge entity $(bone_body) {transformation: [-0.5075f,0f,0.8616f,0f,0f,1f,0f,1.125f,-0.8616f,0f,-0.5075f,0f,0f,0f,0f,1f],start_interpolation: 0,interpolation_duration: 1}
data modify entity @s data merge value {"cameras":{},"locators":{"locator":{"posx":-1.264578225702418,"posy":0.5361528433370244,"posz":-0.443016285567125,"roty":85.22175501854352,"rotx":13.152728836059042},"locator2":{"posx":-0.7351553079448626,"posy":0.8703251346629208,"posz":-0.20511457383923107,"roty":138.6158826171531,"rotx":-51.922481836263294},"locator3":{"posx":0,"posy":2.25,"posz":0,"roty":59.499999999999986,"rotx":0}}}