# This file was generated by Animated Java via MC-Build. It is not recommended to edit this file directly.
$data merge entity $(bone_sword) {transformation: [-0.1656f,-0.2002f,1.0624f,-0.0834f,0.3515f,1.0065f,0.2445f,0.813f,-1.0224f,0.3785f,-0.0881f,-0.5418f,0f,0f,0f,1f],start_interpolation: 0,interpolation_duration: 1}
$data merge entity $(bone_right_arm) {transformation: [-0.1514f,-0.1831f,0.9714f,-0.158f,0.3214f,0.9202f,0.2235f,1.375f,-0.9348f,0.346f,-0.0805f,-0.2696f,0f,0f,0f,1f],start_interpolation: 0,interpolation_duration: 1}
$data merge entity $(bone_gun) {transformation: [0.6686f,0.6256f,0.4019f,-0.5437f,-0.0905f,0.6049f,-0.7911f,0.9641f,-0.7381f,0.4926f,0.4611f,-0.0556f,0f,0f,0f,1f],start_interpolation: 0,interpolation_duration: 1}
$data merge entity $(bone_left_arm) {transformation: [0.6686f,0.6256f,0.4019f,-0.067f,-0.0905f,0.6049f,-0.7911f,1.25f,-0.7381f,0.4926f,0.4611f,0.2566f,0f,0f,0f,1f],start_interpolation: 0,interpolation_duration: 1}
$data merge entity $(bone_right_leg) {transformation: [-0.1008f,-0.0692f,0.9925f,-0.06f,0.1736f,0.9811f,0.086f,0.75f,-0.9796f,0.1809f,-0.0869f,-0.1024f,0f,0f,0f,1f],start_interpolation: 0,interpolation_duration: 1}
$data merge entity $(bone_left_leg) {transformation: [-0.6049f,0.0603f,0.794f,0.06f,-0.1289f,0.9766f,-0.1723f,0.75f,-0.7858f,-0.2066f,-0.583f,0.1024f,0f,0f,0f,1f],start_interpolation: 0,interpolation_duration: 1}
$data merge entity $(bone_head) {transformation: [-1f,0.0001f,-0.0065f,0f,0f,0.9999f,0.0131f,1.5f,0.0065f,0.0131f,-0.9999f,0f,0f,0f,0f,1f],start_interpolation: 0,interpolation_duration: 1}
$data merge entity $(bone_body) {transformation: [-0.5057f,0f,0.8627f,0f,0f,1f,0f,1.125f,-0.8627f,0f,-0.5057f,0f,0f,0f,0f,1f],start_interpolation: 0,interpolation_duration: 1}
data modify entity @s data merge value {"cameras":{},"locators":{"locator":{"posx":-1.2672666773180714,"posy":0.5405539229162615,"posz":-0.4436683034445491,"roty":85.2621001240759,"rotx":12.916724365170953},"locator2":{"posx":-0.7315161055599323,"posy":0.8746830636771177,"posz":-0.2147853967190549,"roty":138.92006362644454,"rotx":-52.29128411555767},"locator3":{"posx":0,"posy":2.25,"posz":0,"roty":59.624999999999986,"rotx":0}}}