# This file was generated by Animated Java via MC-Build. It is not recommended to edit this file directly.
$data merge entity $(bone_sword) {transformation: [-0.1612f,-0.1926f,1.0645f,-0.0864f,0.3515f,1.0085f,0.2357f,0.812f,-1.0231f,0.3769f,-0.0867f,-0.5416f,0f,0f,0f,1f],start_interpolation: 0,interpolation_duration: 1}
$data merge entity $(bone_right_arm) {transformation: [-0.1474f,-0.1761f,0.9733f,-0.1568f,0.3214f,0.9221f,0.2155f,1.375f,-0.9354f,0.3446f,-0.0793f,-0.2703f,0f,0f,0f,1f],start_interpolation: 0,interpolation_duration: 1}
$data merge entity $(bone_gun) {transformation: [0.6833f,0.6171f,0.3902f,-0.5392f,-0.0818f,0.5958f,-0.799f,0.9701f,-0.7256f,0.514f,0.4575f,-0.0697f,0f,0f,0f,1f],start_interpolation: 0,interpolation_duration: 1}
$data merge entity $(bone_left_arm) {transformation: [0.6833f,0.6171f,0.3902f,-0.0681f,-0.0818f,0.5958f,-0.799f,1.25f,-0.7256f,0.514f,0.4575f,0.2563f,0f,0f,0f,1f],start_interpolation: 0,interpolation_duration: 1}
$data merge entity $(bone_right_leg) {transformation: [-0.1009f,-0.07f,0.9924f,-0.0596f,0.1732f,0.9811f,0.0868f,0.75f,-0.9797f,0.1806f,-0.0868f,-0.1027f,0f,0f,0f,1f],start_interpolation: 0,interpolation_duration: 1}
$data merge entity $(bone_left_leg) {transformation: [-0.598f,0.0611f,0.7992f,0.0596f,-0.1297f,0.9766f,-0.1717f,0.75f,-0.7909f,-0.2063f,-0.5761f,0.1027f,0f,0f,0f,1f],start_interpolation: 0,interpolation_duration: 1}
$data merge entity $(bone_head) {transformation: [-1f,0f,-0.0022f,0f,0f,1f,0.0044f,1.5f,0.0022f,0.0044f,-1f,0f,0f,0f,0f,1f],start_interpolation: 0,interpolation_duration: 1}
$data merge entity $(bone_body) {transformation: [-0.5019f,0f,0.8649f,0f,0f,1f,0f,1.125f,-0.8649f,0f,-0.5019f,0f,0f,0f,0f,1f],start_interpolation: 0,interpolation_duration: 1}
data modify entity @s data merge value {"cameras":{},"locators":{"locator":{"posx":-1.2725901476937003,"posy":0.5494048052152418,"posz":-0.4450070645058057,"roty":85.34326643659735,"rotx":12.444634385980832},"locator2":{"posx":-0.7239421706515083,"posy":0.8836177232319098,"posz":-0.23390913244050404,"roty":139.53783584674542,"rotx":-53.03269077786756},"locator3":{"posx":0,"posy":2.25,"posz":0,"roty":59.875,"rotx":0}}}