# This file was generated by Animated Java via MC-Build. It is not recommended to edit this file directly.
$data merge entity $(bone_sword) {transformation: [-0.1723f,-0.2116f,1.0592f,-0.079f,0.3515f,1.0032f,0.2576f,0.8145f,-1.0213f,0.381f,-0.09f,-0.5421f,0f,0f,0f,1f],start_interpolation: 0,interpolation_duration: 1}
$data merge entity $(bone_right_arm) {transformation: [-0.1575f,-0.1935f,0.9684f,-0.1598f,0.3214f,0.9172f,0.2356f,1.375f,-0.9337f,0.3483f,-0.0823f,-0.2686f,0f,0f,0f,1f],start_interpolation: 0,interpolation_duration: 1}
$data merge entity $(bone_gun) {transformation: [0.6463f,0.6376f,0.4192f,-0.55f,-0.1042f,0.618f,-0.7792f,0.9555f,-0.7559f,0.46f,0.4659f,-0.0342f,0f,0f,0f,1f],start_interpolation: 0,interpolation_duration: 1}
$data merge entity $(bone_left_arm) {transformation: [0.6463f,0.6376f,0.4192f,-0.0653f,-0.1042f,0.618f,-0.7792f,1.25f,-0.7559f,0.46f,0.4659f,0.257f,0f,0f,0f,1f],start_interpolation: 0,interpolation_duration: 1}
$data merge entity $(bone_right_leg) {transformation: [-0.1007f,-0.068f,0.9926f,-0.0607f,0.1741f,0.9811f,0.0849f,0.75f,-0.9796f,0.1814f,-0.087f,-0.1021f,0f,0f,0f,1f],start_interpolation: 0,interpolation_duration: 1}
$data merge entity $(bone_left_leg) {transformation: [-0.6152f,0.0589f,0.7862f,0.0607f,-0.1278f,0.9766f,-0.1732f,0.75f,-0.7779f,-0.207f,-0.5933f,0.1021f,0f,0f,0f,1f],start_interpolation: 0,interpolation_duration: 1}
$data merge entity $(bone_head) {transformation: [-0.9999f,0.0003f,-0.0131f,0f,0f,0.9997f,0.0262f,1.5f,0.0131f,0.0262f,-0.9996f,0f,0f,0f,0f,1f],start_interpolation: 0,interpolation_duration: 1}
$data merge entity $(bone_body) {transformation: [-0.5113f,0f,0.8594f,0f,0f,1f,0f,1.125f,-0.8594f,0f,-0.5113f,0f,0f,0f,0f,1f],start_interpolation: 0,interpolation_duration: 1}
data modify entity @s data merge value {"cameras":{},"locators":{"locator":{"posx":-1.2591484036219405,"posy":0.5273998262685169,"posz":-0.4417473735193631,"roty":85.14155748817468,"rotx":13.624653902182718},"locator2":{"posx":-0.7421368052873055,"posy":0.8618342914637153,"posz":-0.18556350061378687,"roty":138.01645132570707,"rotx":-51.188732469234836},"locator3":{"posx":0,"posy":2.25,"posz":0,"roty":59.24999999999997,"rotx":0}}}