# This file was generated by Animated Java via MC-Build. It is not recommended to edit this file directly.
$data merge entity $(bone_sword) {transformation: [-0.1745f,-0.2154f,1.058f,-0.0775f,0.3515f,1.002f,0.262f,0.815f,-1.0209f,0.3819f,-0.0907f,-0.5422f,0f,0f,0f,1f],start_interpolation: 0,interpolation_duration: 1}
$data merge entity $(bone_right_arm) {transformation: [-0.1596f,-0.197f,0.9673f,-0.1604f,0.3214f,0.9161f,0.2396f,1.375f,-0.9334f,0.3491f,-0.0829f,-0.2682f,0f,0f,0f,1f],start_interpolation: 0,interpolation_duration: 1}
$data merge entity $(bone_gun) {transformation: [0.6388f,0.6413f,0.425f,-0.5519f,-0.109f,0.6222f,-0.7752f,0.9527f,-0.7616f,0.4489f,0.4674f,-0.0269f,0f,0f,0f,1f],start_interpolation: 0,interpolation_duration: 1}
$data merge entity $(bone_left_arm) {transformation: [0.6388f,0.6413f,0.425f,-0.0647f,-0.109f,0.6222f,-0.7752f,1.25f,-0.7616f,0.4489f,0.4674f,0.2571f,0f,0f,0f,1f],start_interpolation: 0,interpolation_duration: 1}
$data merge entity $(bone_right_leg) {transformation: [-0.1007f,-0.0676f,0.9926f,-0.0609f,0.1743f,0.9811f,0.0845f,0.75f,-0.9795f,0.1816f,-0.087f,-0.1019f,0f,0f,0f,1f],start_interpolation: 0,interpolation_duration: 1}
$data merge entity $(bone_left_leg) {transformation: [-0.6186f,0.0585f,0.7835f,0.0609f,-0.1274f,0.9766f,-0.1734f,0.75f,-0.7753f,-0.2071f,-0.5967f,0.1019f,0f,0f,0f,1f],start_interpolation: 0,interpolation_duration: 1}
$data merge entity $(bone_head) {transformation: [-0.9999f,0.0005f,-0.0153f,0f,0f,0.9995f,0.0305f,1.5f,0.0153f,0.0305f,-0.9994f,0f,0f,0f,0f,1f],start_interpolation: 0,interpolation_duration: 1}
$data merge entity $(bone_body) {transformation: [-0.5132f,0f,0.8583f,0f,0f,1f,0f,1.125f,-0.8583f,0f,-0.5132f,0f,0f,0f,0f,1f],start_interpolation: 0,interpolation_duration: 1}
data modify entity @s data merge value {"cameras":{},"locators":{"locator":{"posx":-1.256407240507257,"posy":0.5230480554240742,"posz":-0.4411306367681573,"roty":85.10171176247202,"rotx":13.86057335003548},"locator2":{"posx":-0.7454786204285772,"posy":0.8577038125329829,"posz":-0.1756866921033772,"roty":137.7210223944484,"rotx":-50.823805225714246},"locator3":{"posx":0,"posy":2.25,"posz":0,"roty":59.125000000000014,"rotx":0}}}