# This file was generated by Animated Java via MC-Build. It is not recommended to edit this file directly.
$data merge entity $(bone_sword) {transformation: [-0.1768f,-0.2192f,1.0569f,-0.076f,0.3515f,1.0009f,0.2664f,0.8155f,-1.0205f,0.3827f,-0.0913f,-0.5423f,0f,0f,0f,1f],start_interpolation: 0,interpolation_duration: 1}
$data merge entity $(bone_right_arm) {transformation: [-0.1616f,-0.2004f,0.9663f,-0.1609f,0.3214f,0.9151f,0.2436f,1.375f,-0.9331f,0.3499f,-0.0835f,-0.2679f,0f,0f,0f,1f],start_interpolation: 0,interpolation_duration: 1}
$data merge entity $(bone_gun) {transformation: [0.6313f,0.645f,0.4307f,-0.5538f,-0.1138f,0.6264f,-0.7712f,0.95f,-0.7672f,0.4378f,0.4688f,-0.0197f,0f,0f,0f,1f],start_interpolation: 0,interpolation_duration: 1}
$data merge entity $(bone_left_arm) {transformation: [0.6313f,0.645f,0.4307f,-0.0641f,-0.1138f,0.6264f,-0.7712f,1.25f,-0.7672f,0.4378f,0.4688f,0.2573f,0f,0f,0f,1f],start_interpolation: 0,interpolation_duration: 1}
$data merge entity $(bone_right_leg) {transformation: [-0.1007f,-0.0672f,0.9926f,-0.0612f,0.1745f,0.9811f,0.0842f,0.75f,-0.9795f,0.1817f,-0.087f,-0.1018f,0f,0f,0f,1f],start_interpolation: 0,interpolation_duration: 1}
$data merge entity $(bone_left_leg) {transformation: [-0.622f,0.058f,0.7809f,0.0612f,-0.127f,0.9766f,-0.1737f,0.75f,-0.7726f,-0.2072f,-0.6001f,0.1018f,0f,0f,0f,1f],start_interpolation: 0,interpolation_duration: 1}
$data merge entity $(bone_head) {transformation: [-0.9998f,0.0006f,-0.0174f,0f,0f,0.9994f,0.0349f,1.5f,0.0175f,0.0349f,-0.9992f,0f,0f,0f,0f,1f],start_interpolation: 0,interpolation_duration: 1}
$data merge entity $(bone_body) {transformation: [-0.515f,0f,0.8572f,0f,0f,1f,0f,1.125f,-0.8572f,0f,-0.515f,0f,0f,0f,0f,1f],start_interpolation: 0,interpolation_duration: 1}
data modify entity @s data merge value {"cameras":{},"locators":{"locator":{"posx":-1.253648715203678,"posy":0.5187128869462669,"posz":-0.4405258167246264,"roty":85.06203923450673,"rotx":14.096463302560688},"locator2":{"posx":-0.7487208663272038,"posy":0.8536515570350652,"posz":-0.16574468967196407,"roty":137.42833895589868,"rotx":-50.46018876951251},"locator3":{"posx":0,"posy":2.25,"posz":0,"roty":58.999999999999986,"rotx":0}}}