# This file was generated by Animated Java via MC-Build. It is not recommended to edit this file directly.
$data merge entity $(bone_sword) {transformation: [-0.9523f,0.5348f,-0.0589f,-0.8914f,0.538f,0.9466f,-0.1041f,1.1035f,0.0001f,-0.1196f,-1.0872f,-0.0723f,0f,0f,0f,1f],start_interpolation: 0,interpolation_duration: 1}
$data merge entity $(bone_right_arm) {transformation: [-0.483f,0.865f,0.1359f,-0.3163f,0.8419f,0.5014f,-0.1994f,1.358f,-0.2406f,0.0181f,-0.9705f,-0.0762f,0f,0f,0f,1f],start_interpolation: 0,interpolation_duration: 1}
$data merge entity $(bone_gun) {transformation: [-0.3657f,-0.5142f,0.7758f,0.4974f,-0.4903f,0.8149f,0.309f,0.7743f,-0.7911f,-0.2674f,-0.5501f,0.4238f,0f,0f,0f,1f],start_interpolation: 0,interpolation_duration: 1}
$data merge entity $(bone_left_arm) {transformation: [-0.3657f,-0.5142f,0.7758f,0.2381f,-0.4903f,0.8149f,0.309f,1.2868f,-0.7911f,-0.2674f,-0.5501f,0.1471f,0f,0f,0f,1f],start_interpolation: 0,interpolation_duration: 1}
$data merge entity $(bone_right_leg) {transformation: [-0.7224f,0.1198f,0.6811f,-0.1103f,0.1933f,0.9806f,0.0325f,0.766f,-0.6639f,0.1552f,-0.7315f,0.0011f,0f,0f,0f,1f],start_interpolation: 0,interpolation_duration: 1}
$data merge entity $(bone_left_leg) {transformation: [-0.9495f,-0.205f,0.2374f,0.1496f,-0.1899f,0.9781f,0.0851f,0.7293f,-0.2496f,0.0357f,-0.9677f,-0.0114f,0f,0f,0f,1f],start_interpolation: 0,interpolation_duration: 1}
$data merge entity $(bone_head) {transformation: [-0.9799f,-0.0946f,-0.1759f,-0.0355f,-0.1153f,0.987f,0.1118f,1.4951f,0.163f,0.1298f,-0.978f,0.0487f,0f,0f,0f,1f],start_interpolation: 0,interpolation_duration: 1}
$data merge entity $(bone_body) {transformation: [-0.9365f,-0.0946f,0.3376f,0f,-0.044f,0.987f,0.1545f,1.125f,-0.3478f,0.1298f,-0.9285f,0f,0f,0f,0f,1f],start_interpolation: 0,interpolation_duration: 1}
data modify entity @s data merge value {"cameras":{},"locators":{"locator":{"posx":-0.8257608992897473,"posy":1.2194483979568118,"posz":1.13917299806938,"roty":356.89961266834064,"rotx":-5.461134171964161},"locator2":{"posx":0.5653716904632471,"posy":0.5464090793564935,"posz":0.5336721507998047,"roty":54.6596092280447,"rotx":17.999229247385152},"locator3":{"posx":-0.10641798448066164,"posy":2.2353954734093566,"posz":0.14602090676024618,"roty":19.98048551415397,"rotx":8.885469932639438}}}