# This file was generated by Animated Java via MC-Build. It is not recommended to edit this file directly.
$data merge entity $(bone_sword) {transformation: [-0.2632f,-0.8067f,0.6901f,-0.1709f,0.9523f,0.1348f,0.5208f,1.3035f,-0.4691f,0.7262f,0.67f,-0.8128f,0f,0f,0f,1f],start_interpolation: 0,interpolation_duration: 1}
$data merge entity $(bone_right_arm) {transformation: [-0.0659f,-0.1306f,0.9892f,-0.2176f,0.9645f,0.2457f,0.0967f,1.3998f,-0.2557f,0.9605f,0.1098f,-0.1931f,0f,0f,0f,1f],start_interpolation: 0,interpolation_duration: 1}
$data merge entity $(bone_gun) {transformation: [-0.3046f,-0.5854f,0.7514f,0.563f,-0.6674f,0.694f,0.2701f,0.8436f,-0.6796f,-0.4192f,-0.6021f,0.5665f,0f,0f,0f,1f],start_interpolation: 0,interpolation_duration: 1}
$data merge entity $(bone_left_arm) {transformation: [-0.3046f,-0.5854f,0.7514f,0.2603f,-0.6674f,0.694f,0.2701f,1.2651f,-0.6796f,-0.4192f,-0.6021f,0.1962f,0f,0f,0f,1f],start_interpolation: 0,interpolation_duration: 1}
$data merge entity $(bone_right_leg) {transformation: [-0.4001f,0.087f,0.9123f,-0.1428f,0.2416f,0.9703f,0.0134f,0.7616f,-0.884f,0.2258f,-0.4093f,-0.0631f,0f,0f,0f,1f],start_interpolation: 0,interpolation_duration: 1}
$data merge entity $(bone_left_leg) {transformation: [-0.8137f,-0.1338f,0.5657f,0.0602f,-0.1627f,0.9867f,-0.0007f,0.7f,-0.558f,-0.0926f,-0.8246f,0.0589f,0f,0f,0f,1f],start_interpolation: 0,interpolation_duration: 1}
$data merge entity $(bone_head) {transformation: [-0.9308f,0.0698f,0.3587f,0.0262f,0.0813f,0.9965f,0.0171f,1.4987f,-0.3563f,0.0451f,-0.9333f,0.0169f,0f,0f,0f,1f],start_interpolation: 0,interpolation_duration: 1}
$data merge entity $(bone_body) {transformation: [-0.752f,0.0698f,0.6554f,0f,0.0823f,0.9965f,-0.0117f,1.125f,-0.654f,0.0451f,-0.7552f,0f,0f,0f,0f,1f],start_interpolation: 0,interpolation_duration: 1}
data modify entity @s data merge value {"cameras":{},"locators":{"locator":{"posx":-0.9398804173021238,"posy":0.7232388890297583,"posz":-1.5593937936513855,"roty":134.15451997786823,"rotx":28.43257045926911},"locator2":{"posx":0.6506482955285245,"posy":0.6489497678993876,"posz":0.7182812735652557,"roty":51.29390631588643,"rotx":15.67021807721963},"locator3":{"posx":0.07851186024482464,"posy":2.2461101667638426,"posz":0.0507235820861027,"roty":40.956221842380046,"rotx":-0.6723304669164971}}}