# This file was generated by Animated Java via MC-Build. It is not recommended to edit this file directly.
$data merge entity $(bone_sword) {transformation: [-0.3305f,-0.5202f,0.9035f,-0.1493f,0.6942f,0.5973f,0.5979f,1.0202f,-0.7779f,0.7542f,0.1497f,-0.7462f,0f,0f,0f,1f],start_interpolation: 0,interpolation_duration: 1}
$data merge entity $(bone_right_arm) {transformation: [-0.2181f,-0.1367f,0.9663f,-0.1909f,0.7214f,0.6443f,0.254f,1.3857f,-0.6573f,0.7525f,-0.0419f,-0.2361f,0f,0f,0f,1f],start_interpolation: 0,interpolation_duration: 1}
$data merge entity $(bone_gun) {transformation: [0.1697f,0.2288f,0.9586f,-0.1591f,-0.3605f,0.9197f,-0.1557f,0.7279f,-0.9172f,-0.3192f,0.2385f,0.4793f,0f,0f,0f,1f],start_interpolation: 0,interpolation_duration: 1}
$data merge entity $(bone_left_arm) {transformation: [0.1697f,0.2288f,0.9586f,0.0994f,-0.3605f,0.9197f,-0.1557f,1.2631f,-0.9172f,-0.3192f,0.2385f,0.2485f,0f,0f,0f,1f],start_interpolation: 0,interpolation_duration: 1}
$data merge entity $(bone_right_leg) {transformation: [-0.2562f,0.0054f,0.9666f,-0.1034f,0.1992f,0.9788f,0.0473f,0.7546f,-0.9459f,0.2046f,-0.2518f,-0.0854f,0f,0f,0f,1f],start_interpolation: 0,interpolation_duration: 1}
$data merge entity $(bone_left_leg) {transformation: [-0.7145f,-0.0443f,0.6982f,0.0631f,-0.152f,0.984f,-0.0932f,0.7253f,-0.6829f,-0.1727f,-0.7098f,0.084f,0f,0f,0f,1f],start_interpolation: 0,interpolation_duration: 1}
$data merge entity $(bone_head) {transformation: [-0.9829f,0.0315f,0.1816f,0.0118f,0.0344f,0.9993f,0.013f,1.4997f,-0.1811f,0.019f,-0.9833f,0.0071f,0f,0f,0f,1f],start_interpolation: 0,interpolation_duration: 1}
$data merge entity $(bone_body) {transformation: [-0.6362f,0.0315f,0.7709f,0f,0.0347f,0.9993f,-0.0122f,1.125f,-0.7708f,0.019f,-0.6369f,0f,0f,0f,0f,1f],start_interpolation: 0,interpolation_duration: 1}
data modify entity @s data merge value {"cameras":{},"locators":{"locator":{"posx":-1.1561039363573506,"posy":0.3539107680358624,"posz":-0.9129949478300607,"roty":99.40751835607962,"rotx":33.138511237582655},"locator2":{"posx":-0.29114751833830765,"posy":0.5101068948279367,"posz":0.5404169198206732,"roty":103.97462912144712,"rotx":-8.957162898894726},"locator3":{"posx":0.03541065501983899,"posy":2.24923949084519,"posz":0.021369434602105972,"roty":50.439085673911336,"rotx":-0.6976435346941227}}}