# This file was generated by Animated Java via MC-Build. It is not recommended to edit this file directly.
$data merge entity $(bone_sword) {transformation: [0.4031f,0.1943f,-0.998f,-0.3345f,0.238f,1.0257f,0.2958f,1.2971f,0.9885f,-0.3262f,0.3357f,0.7941f,0f,0f,0f,1f],start_interpolation: 0,interpolation_duration: 1}
$data merge entity $(bone_right_arm) {transformation: [0.1337f,0.1278f,-0.9827f,-0.2937f,0.9757f,0.1567f,0.1531f,1.3388f,0.1736f,-0.9793f,-0.1038f,0.1679f,0f,0f,0f,1f],start_interpolation: 0,interpolation_duration: 1}
$data merge entity $(bone_gun) {transformation: [-0.3273f,-0.3866f,-0.8622f,0.666f,-0.9443f,0.166f,0.284f,1.2939f,0.0333f,0.9072f,-0.4194f,-0.712f,0f,0f,0f,1f],start_interpolation: 0,interpolation_duration: 1}
$data merge entity $(bone_left_arm) {transformation: [-0.3273f,-0.3866f,-0.8622f,0.3096f,-0.9443f,0.166f,0.284f,1.3697f,0.0333f,0.9072f,-0.4194f,-0.1888f,0f,0f,0f,1f],start_interpolation: 0,interpolation_duration: 1}
$data merge entity $(bone_right_leg) {transformation: [-0.9824f,0.1867f,0.0087f,-0.0475f,0.1854f,0.9794f,-0.0804f,0.767f,-0.0236f,-0.0774f,-0.9967f,0.1285f,0f,0f,0f,1f],start_interpolation: 0,interpolation_duration: 1}
$data merge entity $(bone_left_leg) {transformation: [-0.8847f,-0.0959f,-0.4562f,0.1116f,-0.2415f,0.9314f,0.2725f,0.7129f,0.3988f,0.3513f,-0.8471f,-0.1525f,0f,0f,0f,1f],start_interpolation: 0,interpolation_duration: 1}
$data merge entity $(bone_head) {transformation: [-0.9397f,0f,-0.342f,0f,-0.0885f,0.9659f,0.2432f,1.4872f,0.3304f,0.2588f,-0.9077f,0.0971f,0f,0f,0f,1f],start_interpolation: 0,interpolation_duration: 1}
$data merge entity $(bone_body) {transformation: [-0.9397f,0f,-0.342f,0f,-0.0885f,0.9659f,0.2432f,1.125f,0.3304f,0.2588f,-0.9077f,0f,0f,0f,0f,1f],start_interpolation: 0,interpolation_duration: 1}
data modify entity @s data merge value {"cameras":{},"locators":{"locator":{"posx":0.777629046660725,"posy":0.9674894715152726,"posz":0.4200289270631353,"roty":251.4079069189204,"rotx":15.69003702572933},"locator2":{"posx":0.8300543646160071,"posy":1.2302427376589309,"posz":-0.9060331649495421,"roty":295.9411592800446,"rotx":16.49963277110408},"locator3":{"posx":-2.2834044647481354e-12,"posy":2.2116665545749825,"posz":0.291171425741154,"roty":339.35310351299285,"rotx":14.076095421666746}}}