# This file was generated by Animated Java via MC-Build. It is not recommended to edit this file directly.
$data merge entity $(bone_sword) {transformation: [-0.054f,1.0296f,-0.3651f,-0.7156f,0.6719f,0.3196f,0.8017f,1.3934f,0.8613f,-0.1847f,-0.6483f,0.5868f,0f,0f,0f,1f],start_interpolation: 0,interpolation_duration: 1}
$data merge entity $(bone_right_arm) {transformation: [0.1437f,0.6999f,-0.6997f,-0.3091f,0.9741f,0.0247f,0.2247f,1.3549f,0.1745f,-0.7139f,-0.6782f,0.1085f,0f,0f,0f,1f],start_interpolation: 0,interpolation_duration: 1}
$data merge entity $(bone_gun) {transformation: [-0.3692f,-0.5334f,-0.761f,0.7883f,-0.9293f,0.2066f,0.3061f,1.2474f,-0.0061f,0.8202f,-0.572f,-0.5854f,0f,0f,0f,1f],start_interpolation: 0,interpolation_duration: 1}
$data merge entity $(bone_left_arm) {transformation: [-0.3692f,-0.5334f,-0.761f,0.3486f,-0.9293f,0.2066f,0.3061f,1.3518f,-0.0061f,0.8202f,-0.572f,-0.1357f,0f,0f,0f,1f],start_interpolation: 0,interpolation_duration: 1}
$data merge entity $(bone_right_leg) {transformation: [-0.9536f,0.2254f,0.1998f,-0.0892f,0.2235f,0.9742f,-0.0323f,0.7666f,-0.2019f,0.0139f,-0.9793f,0.0985f,0f,0f,0f,1f],start_interpolation: 0,interpolation_duration: 1}
$data merge entity $(bone_left_leg) {transformation: [-0.9465f,-0.1461f,-0.2876f,0.1186f,-0.2277f,0.9342f,0.2746f,0.7047f,0.2286f,0.3254f,-0.9175f,-0.1217f,0f,0f,0f,1f],start_interpolation: 0,interpolation_duration: 1}
$data merge entity $(bone_head) {transformation: [-0.9863f,-0.0033f,-0.1649f,-0.0012f,-0.0419f,0.972f,0.231f,1.4895f,0.1595f,0.2348f,-0.9589f,0.088f,0f,0f,0f,1f],start_interpolation: 0,interpolation_duration: 1}
$data merge entity $(bone_body) {transformation: [-0.9863f,-0.0033f,-0.1649f,0f,-0.0419f,0.972f,0.231f,1.125f,0.1595f,0.2348f,-0.9589f,0f,0f,0f,0f,1f],start_interpolation: 0,interpolation_duration: 1}
data modify entity @s data merge value {"cameras":{},"locators":{"locator":{"posx":-0.3087503859688254,"posy":0.5000485953632138,"posz":1.3091593298848727,"roty":330.6095042361795,"rotx":47.13655886021458},"locator2":{"posx":0.9811409770733566,"posy":1.1717991533177616,"posz":-0.7457443264234693,"roty":306.9293684957485,"rotx":17.82345031701573},"locator3":{"posx":-0.0037374107464213722,"posy":2.218552736113566,"posz":0.2641087751276848,"roty":350.24144743482884,"rotx":13.356998144060663}}}