# This file was generated by Animated Java via MC-Build. It is not recommended to edit this file directly.
$data merge entity $(bone_sword) {transformation: [-0.0552f,0.6547f,0.8744f,-0.9088f,0.9561f,-0.3945f,0.3557f,1.5121f,0.5283f,0.7823f,-0.5524f,0.1823f,0f,0f,0f,1f],start_interpolation: 0,interpolation_duration: 1}
$data merge entity $(bone_right_arm) {transformation: [0.1607f,0.9788f,-0.127f,-0.3111f,0.9727f,-0.1352f,0.1889f,1.3727f,0.1677f,-0.1539f,-0.9738f,0.0452f,0f,0f,0f,1f],start_interpolation: 0,interpolation_duration: 1}
$data merge entity $(bone_gun) {transformation: [-0.4097f,-0.6576f,-0.6323f,0.8839f,-0.9112f,0.2621f,0.3178f,1.1888f,-0.0433f,0.7063f,-0.7066f,-0.4401f,0f,0f,0f,1f],start_interpolation: 0,interpolation_duration: 1}
$data merge entity $(bone_left_arm) {transformation: [-0.4097f,-0.6576f,-0.6323f,0.3782f,-0.9112f,0.2621f,0.3178f,1.3304f,-0.0433f,0.7063f,-0.7066f,-0.0786f,0f,0f,0f,1f],start_interpolation: 0,interpolation_duration: 1}
$data merge entity $(bone_right_leg) {transformation: [-0.8907f,0.2396f,0.3863f,-0.123f,0.2584f,0.966f,-0.0034f,0.7678f,-0.374f,0.0968f,-0.9223f,0.0649f,0f,0f,0f,1f],start_interpolation: 0,interpolation_duration: 1}
$data merge entity $(bone_left_leg) {transformation: [-0.9764f,-0.1859f,-0.1097f,0.1163f,-0.2087f,0.9429f,0.2597f,0.6954f,0.0552f,0.2765f,-0.9594f,-0.086f,0f,0f,0f,1f],start_interpolation: 0,interpolation_duration: 1}
$data merge entity $(bone_head) {transformation: [-0.9998f,0.0056f,0.0177f,0.0021f,0.009f,0.9796f,0.2009f,1.4923f,-0.0163f,0.201f,-0.9794f,0.0754f,0f,0f,0f,1f],start_interpolation: 0,interpolation_duration: 1}
$data merge entity $(bone_body) {transformation: [-0.9998f,0.0056f,0.0177f,0f,0.009f,0.9796f,0.2009f,1.125f,-0.0163f,0.201f,-0.9794f,0f,0f,0f,0f,1f],start_interpolation: 0,interpolation_duration: 1}
data modify entity @s data merge value {"cameras":{},"locators":{"locator":{"posx":-1.883116300032933,"posy":1.1157139370116653,"posz":0.7978437372566934,"roty":57.71658515653594,"rotx":18.98013500512923},"locator2":{"posx":1.0977106467478164,"posy":1.098396086232515,"posz":-0.5615032910190795,"roty":318.175747581909,"rotx":18.53162553343883},"locator3":{"posx":0.006254094414128861,"posy":2.2270134134687423,"posz":0.2261687928031405,"roty":1.0371716624113674,"rotx":11.590404136542023}}}