# This file was generated by Animated Java via MC-Build. It is not recommended to edit this file directly.
$data merge entity $(bone_sword) {transformation: [-0.1982f,0.0058f,1.0756f,-0.8337f,1.0281f,-0.3207f,0.1912f,1.5985f,0.3164f,1.0457f,0.0527f,-0.277f,0f,0f,0f,1f],start_interpolation: 0,interpolation_duration: 1}
$data merge entity $(bone_right_arm) {transformation: [0.1862f,0.8493f,0.4939f,-0.2991f,0.9701f,-0.2385f,0.0445f,1.3902f,0.1556f,0.4709f,-0.8684f,-0.0196f,0f,0f,0f,1f],start_interpolation: 0,interpolation_duration: 1}
$data merge entity $(bone_gun) {transformation: [-0.4489f,-0.7532f,-0.4809f,0.9489f,-0.8901f,0.3291f,0.3153f,1.1222f,-0.0792f,0.5695f,-0.8181f,-0.2805f,0f,0f,0f,1f],start_interpolation: 0,interpolation_duration: 1}
$data merge entity $(bone_left_arm) {transformation: [-0.4489f,-0.7532f,-0.4809f,0.3975f,-0.8901f,0.3291f,0.3153f,1.3068f,-0.0792f,0.5695f,-0.8181f,-0.019f,0f,0f,0f,1f],start_interpolation: 0,interpolation_duration: 1}
$data merge entity $(bone_right_leg) {transformation: [-0.7959f,0.2325f,0.559f,-0.1486f,0.2853f,0.9584f,0.0076f,0.7696f,-0.534f,0.1655f,-0.8291f,0.0298f,0f,0f,0f,1f],start_interpolation: 0,interpolation_duration: 1}
$data merge entity $(bone_left_leg) {transformation: [-0.9751f,-0.21f,0.0708f,0.104f,-0.1892f,0.9554f,0.2267f,0.6863f,-0.1152f,0.2077f,-0.9714f,-0.0477f,0f,0f,0f,1f],start_interpolation: 0,interpolation_duration: 1}
$data merge entity $(bone_head) {transformation: [-0.9797f,0.0283f,0.1985f,0.0106f,0.0593f,0.9865f,0.1523f,1.495f,-0.1915f,0.161f,-0.9682f,0.0604f,0f,0f,0f,1f],start_interpolation: 0,interpolation_duration: 1}
$data merge entity $(bone_body) {transformation: [-0.9797f,0.0283f,0.1985f,0f,0.0593f,0.9865f,0.1523f,1.125f,-0.1915f,0.161f,-0.9682f,0f,0f,0f,0f,1f],start_interpolation: 0,interpolation_duration: 1}
data modify entity @s data merge value {"cameras":{},"locators":{"locator":{"posx":-2.032282328909944,"posy":1.3854959859543061,"posz":-0.3357304413086206,"roty":92.80416268711448,"rotx":10.06582197846334},"locator2":{"posx":1.1747476986312095,"posy":1.015282631727024,"posz":-0.35901576803316537,"roty":329.55449917400114,"rotx":18.380402260783207},"locator3":{"posx":0.03179510227589242,"posy":2.2348684399537415,"posz":0.18112459100275008,"roty":11.586872567929447,"rotx":8.761207974277033}}}