# This file was generated by Animated Java via MC-Build. It is not recommended to edit this file directly.
$data merge entity $(bone_sword) {transformation: [-0.1703f,-0.6501f,0.8629f,-0.5189f,1.0798f,-0.1312f,0.1142f,1.6055f,0.0356f,0.8697f,0.6622f,-0.6264f,0f,0f,0f,1f],start_interpolation: 0,interpolation_duration: 1}
$data merge entity $(bone_right_arm) {transformation: [0.2205f,0.3699f,0.9025f,-0.2733f,0.9651f,-0.2165f,-0.147f,1.4053f,0.1411f,0.9035f,-0.4047f,-0.0832f,0f,0f,0f,1f],start_interpolation: 0,interpolation_duration: 1}
$data merge entity $(bone_gun) {transformation: [-0.4865f,-0.8158f,-0.3129f,0.9805f,-0.8661f,0.4031f,0.2956f,1.0523f,-0.1151f,0.4148f,-0.9026f,-0.1115f,0f,0f,0f,1f],start_interpolation: 0,interpolation_duration: 1}
$data merge entity $(bone_left_arm) {transformation: [-0.4865f,-0.8158f,-0.3129f,0.406f,-0.8661f,0.4031f,0.2956f,1.2825f,-0.1151f,0.4148f,-0.9026f,0.0419f,0f,0f,0f,1f],start_interpolation: 0,interpolation_duration: 1}
$data merge entity $(bone_right_leg) {transformation: [-0.6729f,0.2085f,0.7097f,-0.1661f,0.2997f,0.954f,0.0039f,0.7707f,-0.6763f,0.2153f,-0.7045f,-0.0048f,0f,0f,0f,1f],start_interpolation: 0,interpolation_duration: 1}
$data merge entity $(bone_left_leg) {transformation: [-0.9451f,-0.2141f,0.2469f,0.0815f,-0.1737f,0.969f,0.1756f,0.6791f,-0.2768f,0.1231f,-0.953f,-0.0089f,0f,0f,0f,1f],start_interpolation: 0,interpolation_duration: 1}
$data merge entity $(bone_head) {transformation: [-0.9268f,0.0653f,0.3699f,0.0245f,0.1042f,0.9908f,0.086f,1.4966f,-0.3609f,0.1182f,-0.9251f,0.0443f,0f,0f,0f,1f],start_interpolation: 0,interpolation_duration: 1}
$data merge entity $(bone_body) {transformation: [-0.9268f,0.0653f,0.3699f,0f,0.1042f,0.9908f,0.086f,1.125f,-0.3609f,0.1182f,-0.9251f,0f,0f,0f,0f,1f],start_interpolation: 0,interpolation_duration: 1}
data modify entity @s data merge value {"cameras":{},"locators":{"locator":{"posx":-1.4804498897897787,"posy":1.4782267405265666,"posz":-1.3643611034632288,"roty":127.50365713195899,"rotx":5.995262950182564},"locator2":{"posx":1.208884836548448,"posy":0.9284623156673877,"posz":-0.14468161126045437,"roty":340.88050486683557,"rotx":17.196450443167357},"locator3":{"posx":0.07351835071402922,"posy":2.2396873706189524,"posz":0.13301172087788232,"roty":21.792933445422932,"rotx":4.933126280995055}}}