# This file was generated by Animated Java via MC-Build. It is not recommended to edit this file directly.
$data merge entity $(bone_sword) {transformation: [0.0284f,-1.04f,0.3374f,-0.0888f,1.0746f,0.0889f,0.1834f,1.5211f,-0.2018f,0.3268f,1.0241f,-0.7458f,0f,0f,0f,1f],start_interpolation: 0,interpolation_duration: 1}
$data merge entity $(bone_right_arm) {transformation: [0.2631f,-0.2533f,0.9309f,-0.2345f,0.9564f,-0.0582f,-0.2862f,1.416f,0.1267f,0.9656f,0.2269f,-0.1431f,0f,0f,0f,1f],start_interpolation: 0,interpolation_duration: 1}
$data merge entity $(bone_gun) {transformation: [-0.5218f,-0.8422f,-0.1354f,0.9775f,-0.8394f,0.4788f,0.2571f,0.9841f,-0.1517f,0.2478f,-0.9569f,0.0618f,0f,0f,0f,1f],start_interpolation: 0,interpolation_duration: 1}
$data merge entity $(bone_left_arm) {transformation: [-0.5218f,-0.8422f,-0.1354f,0.4036f,-0.8394f,0.4788f,0.2571f,1.259f,-0.1517f,0.2478f,-0.9569f,0.1025f,0f,0f,0f,1f],start_interpolation: 0,interpolation_duration: 1}
$data merge entity $(bone_right_leg) {transformation: [-0.5269f,0.1734f,0.832f,-0.1765f,0.2979f,0.9545f,-0.0102f,0.7699f,-0.796f,0.2425f,-0.5546f,-0.0371f,0f,0f,0f,1f],start_interpolation: 0,interpolation_duration: 1}
$data merge entity $(bone_left_leg) {transformation: [-0.89f,-0.1958f,0.4117f,0.0493f,-0.1657f,0.9803f,0.1078f,0.6752f,-0.4247f,0.0277f,-0.9049f,0.0282f,0f,0f,0f,1f],start_interpolation: 0,interpolation_duration: 1}
$data merge entity $(bone_head) {transformation: [-0.8434f,0.1163f,0.5246f,0.0436f,0.1391f,0.9903f,0.004f,1.4964f,-0.519f,0.0764f,-0.8514f,0.0286f,0f,0f,0f,1f],start_interpolation: 0,interpolation_duration: 1}
$data merge entity $(bone_body) {transformation: [-0.8434f,0.1163f,0.5246f,0f,0.1391f,0.9903f,0.004f,1.125f,-0.519f,0.0764f,-0.8514f,0f,0f,0f,0f,1f],start_interpolation: 0,interpolation_duration: 1}
data modify entity @s data merge value {"cameras":{},"locators":{"locator":{"posx":-0.46483367611306403,"posy":1.3168028577761337,"posz":-1.886945323942819,"roty":161.76371433211693,"rotx":9.65191438676634},"locator2":{"posx":1.198594041636448,"posy":0.8443434644221637,"posz":0.07460972073105376,"roty":351.94880201974473,"rotx":14.896952390681877},"locator3":{"posx":0.13082953477799394,"posy":2.2390596167344974,"posz":0.08590578089487408,"roty":31.639149480007973,"rotx":0.2318715768118213}}}